PIECE NUM :387, DURATION :926.391714s.
POSITION COEFFICIENT [X, Y, Z]
ROWS :3096, COLS :3.
-2.815132 18.116280 -11.666667
0.000000 0.000000 0.000000
0.000000 0.000000 0.000000
0.000000 0.000000 0.000000
-0.003399 -0.013845 -0.001907
-0.000585 0.004656 0.001664
0.000185 -0.000573 -0.000268
-0.000010 0.000024 0.000012
-5.409138 16.637259 -10.481965
-1.321306 -0.557709 0.688496
-0.100645 -0.091750 0.057006
0.044135 -0.032470 -0.031621
0.005462 -0.004805 -0.004517
-0.000987 0.001280 0.000893
-0.000209 0.000372 0.000222
0.000034 -0.000060 -0.000032
-8.445395 14.348841 -9.000000
-0.970277 -1.502000 0.384661
0.220050 -0.231502 -0.147188
0.021974 0.027230 -0.000975
-0.008134 0.013918 0.009628
0.000023 -0.000474 0.000212
0.000351 -0.000618 -0.000318
-0.000049 0.000072 0.000025
-9.419016 11.278019 -8.697245
-0.149675 -1.833354 0.050677
0.219950 0.078363 -0.000960
-0.012678 0.067703 0.047108
-0.001010 -0.005011 0.001679
0.000570 -0.002333 -0.001497
-0.000246 0.000263 -0.000009
0.000031 0.000001 0.000017
-8.971073 8.367654 -8.263356
0.547977 -1.022288 0.535561
0.129300 0.244010 0.210202
-0.019751 -0.021176 0.009978
-0.001426 -0.012463 -0.009112
0.000182 0.000839 -0.000254
0.000180 0.000276 0.000220
-0.000040 -0.000026 -0.000015
-7.747226 7.128665 -6.739188
0.805874 -0.567810 1.169516
0.022082 -0.017166 0.110259
-0.017930 -0.061878 -0.042503
0.001065 0.002464 -0.004136
-0.000435 0.002076 0.001094
-0.000299 -0.000037 0.000040
0.000070 -0.000025 -0.000013
-6.517290 6.015285 -4.841694
0.740151 -0.972111 1.177194
-0.074305 -0.199929 -0.104507
-0.029841 -0.004950 -0.041738
-0.003994 0.013931 0.003994
0.000289 0.000481 0.000790
0.000456 -0.000307 -0.000105
-0.000058 0.000001 0.000004
-5.640277 3.870768 -3.303129
0.189479 -1.426968 0.561484
-0.242008 0.002602 -0.221260
-0.020693 0.073766 -0.000775
0.008277 0.004765 0.006853
0.001414 -0.002620 -0.000036
-0.000235 -0.000299 -0.000056
-0.000002 0.000070 -0.000003
-6.468398 1.433756 -3.015809
-0.747119 -0.406048 -0.167231
-0.046349 0.311203 -0.038152
0.071328 -0.027096 0.043544
0.004661 -0.019110 0.000437
-0.002119 0.001168 -0.001191
-0.000271 0.000842 -0.000109
0.000059 -0.000110 0.000030
-7.571375 1.413844 -3.195610
-0.160961 0.118522 0.096707
0.295261 -0.076554 0.132058
0.017453 -0.063271 0.001010
-0.016227 0.011552 -0.009713
-0.000663 0.002275 -0.000130
0.000522 -0.000652 0.000292
-0.000036 0.000040 -0.000022
-5.746211 0.044826 -2.347809
0.352118 -0.575408 -0.152476
-0.240188 0.066088 -0.217823
-0.022387 0.018267 -0.008028
0.014439 -0.010086 0.009116
0.000503 -0.000822 0.000072
-0.000417 0.000373 -0.000274
0.000028 -0.000022 0.000022
-6.497987 -1.568617 -4.612659
-0.332482 -0.783379 -0.943198
0.143928 -0.223683 0.017211
0.041273 -0.031266 0.016844
-0.009890 0.008678 -0.006424
-0.001436 0.001475 -0.000348
0.000218 -0.000137 0.000231
0.000020 -0.000031 -0.000001
-6.525712 -3.698729 -6.183210
0.297647 -1.619627 -0.859733
0.138807 -0.178827 0.000842
-0.042288 0.049800 -0.014409
-0.008723 0.009357 0.000958
0.002125 -0.001995 0.002007
0.000459 -0.000522 0.000217
-0.000141 0.000138 -0.000115
-5.988203 -6.089029 -7.375510
0.395493 -1.777918 -0.892448
-0.067506 0.065010 0.003199
-0.044190 0.054082 0.025159
0.006053 -0.006508 0.010516
0.000387 -0.000869 -0.000687
-0.000884 0.000798 -0.000876
0.000167 -0.000139 0.000142
-5.669712 -8.462952 -8.583045
-0.041694 -1.301415 -0.616238
-0.212210 0.229690 0.191450
-0.029178 0.024592 0.038628
-0.001100 -0.002576 -0.007527
0.000353 -0.000285 -0.001881
0.000877 -0.000668 0.000612
-0.000177 0.000145 -0.000063
-6.092714 -9.676092 -9.000000
-0.687247 -0.657284 -0.040768
-0.303500 0.277440 0.248043
-0.010935 -0.005492 -0.008996
0.009428 -0.010048 -0.009337
0.001222 -0.000631 0.000627
-0.000640 0.000574 0.000070
0.000056 -0.000053 -0.000006
-9.658607 -10.007965 -7.935483
-1.875455 0.119158 0.593419
-0.091882 -0.020087 -0.053709
0.035403 -0.036193 -0.048435
-0.004787 0.007286 0.002306
-0.000800 0.000855 0.000914
0.000379 -0.000382 -0.000033
-0.000035 0.000033 -0.000004
-13.511527 -10.010928 -7.285557
-1.979059 -0.148418 -0.048890
0.008148 -0.064998 -0.226098
0.005872 0.013187 -0.001848
-0.000106 0.002218 0.008412
0.000793 -0.001003 0.000229
-0.000109 0.000067 -0.000083
0.000002 0.000004 -0.000004
-17.636971 -10.489418 -8.269274
-1.811404 -0.243070 -0.713689
0.088940 0.006908 -0.013831
0.021717 0.002040 0.061174
0.001707 -0.002638 0.003604
-0.000378 0.000216 -0.001269
-0.000073 0.000122 -0.000150
0.000008 -0.000014 0.000024
-21.620564 -11.186756 -9.000000
-0.757678 -0.238813 0.586629
0.228849 0.015594 0.333082
-0.006437 0.015414 -0.019258
-0.006060 0.004068 -0.013278
-0.000192 -0.000133 0.000394
0.000094 -0.000162 0.000339
-0.000002 0.000014 -0.000028
-22.571175 -10.889148 -5.108709
-0.275225 0.674754 0.968022
-0.163376 0.213356 -0.220509
-0.044605 -0.005992 -0.018489
0.004794 -0.006668 0.013449
0.001318 0.000051 0.000415
0.000053 0.000180 -0.000337
-0.000041 -0.000019 0.000016
-24.277575 -8.562568 -3.938792
-1.302795 1.289719 0.258956
-0.202822 0.027466 -0.007482
0.039445 -0.039321 0.061154
0.007840 -0.000047 -0.000648
-0.002157 0.000502 -0.002426
-0.000577 -0.000112 -0.000092
0.000137 0.000017 0.000059
-26.796564 -6.519662 -3.284027
-1.612126 1.067537 0.638047
-0.004826 -0.154544 0.180525
0.015573 -0.031466 -0.002821
-0.011997 0.002241 -0.015124
0.000028 0.000380 0.000084
0.001015 0.000087 0.000595
-0.000157 -0.000023 -0.000058
-29.316636 -5.334102 -1.945817
-1.654044 0.405565 0.980765
-0.046211 -0.251363 -0.007823
-0.014202 -0.006548 -0.061903
0.004354 0.005285 -0.000466
0.001513 0.000007 0.002706
-0.000697 -0.000167 -0.000034
0.000082 0.000027 -0.000046
-32.057060 -5.313384 -0.641267
-1.822392 -0.358547 0.565002
-0.037104 -0.213415 -0.214008
0.013929 0.019627 -0.010359
0.001534 0.002798 0.013269
-0.000812 -0.000171 -0.000017
0.000204 0.000130 -0.000543
-0.000021 -0.000020 0.000057
-36.191717 -6.913246 -0.286940
-1.758604 -0.888253 -0.089139
0.065134 0.011801 -0.020925
0.014716 0.047959 0.035798
-0.000302 0.002764 -0.005319
-0.000250 -0.000546 -0.001217
-0.000122 -0.000185 0.000366
0.000019 0.000022 -0.000026
-40.324291 -8.249143 -0.313318
-1.220198 0.235576 0.084735
0.077905 0.333990 0.008363
-0.020740 0.004263 -0.014182
-0.003888 -0.009594 0.000694
0.000725 -0.000069 0.000716
0.000240 0.000243 -0.000132
-0.000032 -0.000020 0.000007
-43.728860 -5.265345 -0.213571
-1.254387 1.534738 -0.037846
-0.009295 0.045196 -0.017125
0.030940 -0.043489 0.006208
0.009216 0.003137 0.000179
-0.000792 0.000694 -0.000395
-0.000415 -0.000154 0.000004
0.000047 0.000010 0.000003
-46.310574 -1.429950 -0.360559
-0.342810 1.153461 -0.072936
0.298545 -0.125714 -0.023564
-0.003728 -0.000874 -0.012909
-0.014645 0.002628 -0.002430
-0.000353 -0.000250 0.000178
0.000469 0.000038 0.000067
-0.000035 -0.000005 -0.000005
-45.772476 1.391290 -1.732242
-0.193794 0.562198 -0.890669
-0.301792 -0.010054 -0.169745
-0.025356 0.012985 0.005569
0.013809 -0.001983 0.004880
0.000368 -0.000676 0.000140
-0.000403 -0.000077 -0.000070
0.000032 0.000023 0.000000
-47.925483 2.747268 -4.634263
-1.408736 0.508022 -1.348828
-0.099958 -0.080153 0.025557
0.054419 -0.039740 0.041107
-0.001104 -0.005441 0.000422
-0.001517 0.001053 -0.000877
0.000143 0.000316 -0.000070
-0.000000 -0.000047 0.000018
-50.956150 3.026785 -7.042781
-1.250500 -0.438025 -0.752180
0.115065 -0.327286 0.210180
0.002854 -0.010467 0.003709
-0.007649 0.011309 -0.007598
0.000287 0.000531 -0.000031
0.000137 -0.000396 0.000201
-0.000011 0.000030 -0.000016
-53.976713 -0.545548 -7.817965
-1.033922 -1.670982 -0.011186
-0.077789 -0.006346 -0.005286
-0.021238 0.046934 -0.028501
0.004709 -0.005134 0.003658
0.000780 -0.000987 0.000625
-0.000080 0.000223 -0.000126
-0.000003 -0.000013 0.000006
-57.132028 -4.271766 -8.145556
-1.427350 -1.228729 -0.283968
0.006536 0.103772 -0.045591
0.044743 -0.013688 0.016218
0.005101 -0.003531 0.003092
-0.000866 0.000693 -0.000442
-0.000140 0.000002 -0.000017
0.000018 -0.000004 0.000003
-59.998436 -7.883764 -8.810095
0.150212 -1.121499 0.119684
0.366783 -0.042416 0.149714
-0.010758 0.000590 0.006876
-0.009804 0.003248 -0.003796
0.000443 -0.000182 -0.000191
0.000271 -0.000089 0.000042
-0.000027 0.000010 0.000000
-57.007293 -11.501118 -7.197805
1.441337 -1.156532 0.779758
0.046308 0.034210 0.002496
-0.018260 0.003943 -0.032313
0.007557 -0.001704 -0.000471
0.000042 0.000210 0.000652
-0.000315 0.000132 0.000050
0.000032 -0.000019 -0.000012
-53.134726 -14.155125 -5.683308
1.684396 -0.930412 0.289758
0.081766 0.071498 -0.149949
0.005766 0.015336 0.003810
-0.003711 0.002840 0.006000
-0.000403 -0.000330 -0.000139
0.000255 -0.000204 -0.000155
-0.000027 0.000030 0.000015
-49.126418 -15.646356 -5.607660
1.978342 -0.362720 -0.111319
0.031551 0.180193 -0.006947
-0.013881 0.006081 0.029124
0.000434 -0.004451 -0.001165
0.000296 -0.000038 -0.000700
-0.000148 0.000249 0.000069
0.000019 -0.000030 -0.000000
-44.769093 -15.595667 -5.632798
1.938512 0.375149 0.169278
-0.047458 0.141539 0.101078
-0.011920 -0.007021 -0.000261
-0.000097 0.001818 -0.003884
0.000236 0.000156 0.000203
0.000139 -0.000219 0.000068
-0.000021 0.000023 -0.000007
-40.464170 -13.898891 -4.732426
1.571304 0.993924 0.493571
-0.068768 0.103841 0.014153
0.015132 -0.014581 -0.014576
0.004394 -0.003946 0.001281
-0.000381 -0.000128 0.000367
-0.000223 0.000180 -0.000046
0.000029 -0.000016 -0.000002
-36.770214 -11.215172 -3.599919
1.616749 1.063351 0.415472
0.076952 -0.093011 -0.022554
0.006922 -0.028080 0.003389
-0.005472 0.002542 0.000508
-0.000072 0.000563 -0.000593
0.000266 -0.000085 -0.000087
-0.000028 0.000004 0.000024
-32.496971 -9.471360 -2.721025
1.880130 0.330507 0.286439
0.012350 -0.164150 -0.065096
-0.009280 0.010521 -0.021593
0.002874 0.004121 -0.002306
0.000314 -0.000122 0.001107
-0.000212 -0.000010 0.000323
0.000021 -0.000012 -0.000063
-28.676996 -9.324676 -2.574105
1.904473 -0.085851 -0.189995
0.014145 -0.020365 -0.125348
0.003958 0.030289 0.021197
-0.000913 -0.001138 0.010325
-0.000467 -0.001255 -0.000419
0.000083 -0.000177 -0.000574
-0.000002 0.000057 0.000076
-24.856419 -9.399228 -3.155262
1.957139 0.049377 -0.223055
-0.002042 0.031627 0.126481
-0.009776 -0.024401 0.038590
-0.001238 -0.008479 -0.006848
0.000341 0.001323 -0.000985
0.000053 0.000612 0.000479
-0.000011 -0.000099 -0.000055
-21.016985 -9.438084 -2.898963
1.823475 -0.211787 0.519291
-0.057796 -0.131798 0.192673
-0.003526 0.003852 -0.009793
0.002326 0.013824 -0.003298
0.000062 0.000319 0.000143
-0.000099 -0.000779 -0.000292
0.000014 0.000084 0.000057
-17.922103 -10.093444 -1.437087
1.630841 -0.378122 1.028621
-0.038131 0.086857 0.060940
0.008787 0.053836 -0.041926
0.000919 -0.003954 -0.004543
-0.000057 -0.002368 0.000872
0.000077 0.000281 0.000427
-0.000020 0.000005 -0.000067
-14.974666 -10.241956 0.383821
1.604194 0.293440 0.797420
0.030337 0.206138 -0.165305
0.015351 -0.018875 -0.019439
0.000012 -0.010439 0.010487
-0.000608 0.001075 0.000777
-0.000177 0.000341 -0.000444
0.000033 -0.000047 0.000030
-11.907277 -9.233713 1.282753
1.819449 0.692447 0.254965
0.063335 -0.001395 -0.078605
-0.012672 -0.036563 0.040523
-0.007211 0.006269 0.001995
-0.000230 0.001562 -0.001975
0.000246 -0.000251 -0.000065
-0.000015 -0.000002 0.000045
-8.654680 -8.142754 1.693409
1.779591 0.533928 0.305664
-0.119098 -0.030041 0.071517
-0.048666 0.027787 0.001804
-0.000657 0.008040 -0.009737
0.001405 -0.001197 0.000278
0.000064 -0.000273 0.000493
-0.000025 0.000038 -0.000059
-5.777980 -6.715081 2.557516
0.687632 0.952268 0.370160
-0.313908 0.204767 -0.060440
0.006907 0.013972 -0.014015
0.010271 -0.010669 0.007068
-0.000251 -0.000916 0.000786
-0.000316 0.000316 -0.000416
0.000032 -0.000016 0.000036
-5.522438 -3.676216 3.106669
-0.263314 1.577887 0.196762
-0.066951 -0.025457 0.032725
0.043777 -0.070340 0.027186
-0.003620 -0.003239 -0.001202
-0.001087 0.001693 -0.000986
0.000191 0.000072 0.000152
-0.000007 -0.000019 -0.000007
-6.124795 -0.935747 4.143161
-0.112584 0.238671 0.688764
0.051393 -0.407681 0.112355
-0.011229 0.001033 -0.008241
-0.003187 0.014054 -0.002745
0.000821 0.000156 0.000449
0.000059 -0.000274 0.000036
-0.000016 0.000016 -0.000008
-6.295180 -2.313498 6.328074
-0.095071 -1.006732 1.017556
-0.022437 0.010217 0.023881
0.004342 0.087511 -0.007526
0.004086 -0.000546 0.001933
-0.000296 -0.001873 -0.000020
-0.000211 -0.000002 -0.000100
0.000027 0.000021 0.000014
-6.503801 -3.650294 8.652575
-0.033698 0.092415 1.073266
0.048842 0.394464 0.007538
0.003146 0.007852 -0.001786
-0.004356 -0.013573 -0.000529
-0.000295 0.000229 0.000038
0.000211 0.000319 0.000109
-0.000016 -0.000029 -0.000015
-6.384525 -0.778031 11.703625
0.002475 1.598025 1.100823
-0.058254 0.058538 0.022218
-0.010270 -0.048356 0.010580
0.004080 0.004893 0.001116
0.000601 0.000779 -0.000646
-0.000105 -0.000254 -0.000190
-0.000001 0.000020 0.000033
-6.663234 2.689368 14.373888
-0.190631 1.382946 1.293326
0.021928 -0.103381 0.021901
0.031853 -0.004668 -0.025328
0.002494 0.002478 -0.007410
-0.000921 -0.000503 0.000281
-0.000122 0.000063 0.000328
0.000020 -0.000003 -0.000032
-6.418738 5.655886 17.265511
0.523736 0.829740 0.545858
0.170254 -0.091594 -0.287236
-0.019518 0.004113 -0.015624
-0.009685 0.000329 0.010100
0.000116 0.000021 0.000678
0.000250 0.000002 -0.000279
-0.000019 -0.000001 0.000016
-4.417650 7.772080 16.338467
-0.197926 0.401477 -0.407889
-0.354880 -0.012135 0.160332
-0.014595 0.008997 0.044873
0.010707 -0.000231 -0.007269
0.000233 -0.000157 -0.001006
-0.000239 -0.000018 0.000129
0.000016 0.000003 -0.000000
-8.334310 9.188990 17.258404
-1.752718 0.476208 0.773739
-0.006717 0.000207 -0.005718
0.048483 -0.010582 -0.069770
-0.003823 -0.001679 -0.003386
-0.000742 0.000228 0.001441
0.000141 0.000057 0.000118
-0.000007 -0.000007 -0.000021
-12.559857 10.250326 17.900223
-1.084641 0.182858 -0.721714
0.161764 -0.089782 -0.401432
-0.006112 -0.000904 0.012957
-0.003003 0.002971 0.014410
0.000466 0.000049 -0.000101
0.000002 -0.000078 -0.000300
-0.000005 0.000006 0.000022
-14.311928 10.265398 14.690504
-0.527731 -0.115740 -1.770453
0.076314 -0.022108 0.028659
-0.013562 0.015776 0.089082
0.000391 -0.000108 -0.000797
-0.000047 -0.000382 -0.001777
-0.000077 0.000015 0.000054
0.000011 0.000002 0.000009
-15.677470 10.067460 11.643288
-0.499568 0.055326 0.280428
-0.087932 0.033541 0.402048
-0.023389 -0.008485 -0.034211
0.000420 -0.001954 -0.010690
0.000839 0.000274 0.001176
0.000170 0.000054 0.000255
-0.000031 -0.000007 -0.000033
-18.331039 10.238227 14.741719
-1.183110 -0.030667 1.293364
0.003971 -0.043355 -0.024654
0.062114 0.002879 -0.011413
0.006603 0.003031 0.010205
-0.001990 -0.000045 -0.000514
-0.000482 -0.000089 -0.000441
0.000103 0.000007 0.000069
-19.869593 10.118920 16.626600
-0.729241 -0.105080 1.252357
0.284721 0.003106 0.021683
0.042817 0.015210 0.020738
-0.012437 0.000485 -0.000340
-0.001495 -0.000531 -0.001221
0.000592 -0.000019 0.000284
-0.000046 0.000008 -0.000024
-19.623141 10.105859 20.445931
0.751022 0.145126 1.649276
0.129627 0.052055 0.089022
-0.052325 -0.010828 -0.004451
0.000625 -0.003299 -0.002191
0.001133 0.000375 -0.000259
-0.000266 0.000132 -0.000164
0.000023 -0.000020 0.000031
-17.928274 10.496690 24.174690
0.688883 0.156291 1.837562
-0.135004 -0.046995 -0.040317
-0.030682 -0.011367 -0.043074
0.002471 0.002858 -0.005652
-0.000069 0.000196 0.000552
0.000074 -0.000160 0.000294
-0.000008 0.000015 -0.000032
-17.580841 10.464048 27.916139
-0.556396 -0.180841 0.446329
-0.251194 -0.058442 -0.392362
0.007651 -0.002050 -0.002062
0.004175 -0.001632 0.011914
-0.000127 0.000016 0.000130
-0.000081 0.000139 -0.000344
0.000007 -0.000016 0.000027
-21.207353 9.210788 26.368396
-1.552754 -0.647507 -0.986109
-0.048822 -0.066919 0.003694
0.020407 0.012160 0.041748
-0.002545 0.002497 -0.007069
-0.000290 -0.000533 -0.000721
0.000063 -0.000198 0.000253
0.000002 0.000032 -0.000016
-24.764257 7.582261 24.459869
-1.592511 -0.757970 -0.678919
0.004864 -0.006969 0.067379
-0.001321 -0.008594 -0.014800
-0.000423 -0.005875 -0.002347
0.000727 0.000147 0.001018
0.000088 0.000300 0.000007
-0.000026 -0.000031 -0.000016
-28.059211 5.802750 23.193841
-1.529419 -1.046747 -0.587608
0.055674 -0.141877 -0.005566
0.025916 -0.017510 0.000514
0.004777 0.005280 0.003587
-0.000515 0.001030 -0.000374
-0.000287 -0.000159 -0.000229
0.000037 0.000002 0.000033
-30.711386 2.985024 21.993238
-0.884753 -1.613380 -0.544987
0.245090 -0.064722 0.019665
0.016429 0.043623 -0.005498
-0.007369 0.006317 -0.004831
-0.000693 -0.000772 -0.000257
0.000258 -0.000130 0.000248
-0.000016 0.000013 -0.000020
-31.202047 -1.194019 19.577879
0.263410 -0.216538 -1.101342
-0.010895 0.376776 -0.166408
-0.032760 -0.005229 0.002343
0.004405 -0.011644 0.006206
0.000720 -0.000190 -0.000171
-0.000123 0.000186 -0.000240
0.000002 -0.000006 0.000028
-30.903075 -0.013971 16.220811
-0.044536 0.907861 -1.620335
-0.054813 0.001920 -0.033689
0.018782 -0.082872 0.018216
0.003471 -0.000834 -0.003173
-0.000806 0.001798 -0.000333
-0.000092 0.000094 0.000217
0.000019 -0.000029 -0.000022
-31.034340 1.193594 12.776618
0.012646 -0.031234 -1.630705
0.069875 -0.373037 0.010858
0.008051 -0.012744 0.002241
-0.005018 0.014932 0.000636
-0.000231 0.000316 0.000390
0.000184 -0.000329 -0.000102
-0.000015 0.000022 0.000007
-30.633783 -0.810177 8.910584
0.237150 -1.294141 -1.471513
-0.015136 -0.017653 0.066447
-0.020298 0.083870 0.011282
0.000806 0.000595 0.000065
0.000532 -0.001710 -0.000168
-0.000080 0.000054 0.000026
0.000004 0.000006 -0.000003
-30.492855 -2.841173 5.256199
-0.220728 0.464685 -0.764737
-0.083965 0.393019 0.141842
0.006868 -0.024753 0.000493
0.001797 -0.011987 -0.002285
-0.000118 0.000514 -0.000361
0.000011 0.000181 -0.000047
-0.000004 -0.000015 0.000016
-31.288182 -0.374966 4.183902
-0.427287 1.427352 -0.272491
0.002126 -0.023117 0.038116
0.016115 -0.078734 -0.034352
-0.000209 0.001512 -0.003578
-0.000379 0.001391 0.000688
-0.000050 -0.000050 0.000204
0.000013 -0.000005 -0.000028
-32.137978 1.996186 3.174355
-0.210132 0.174267 -0.738120
0.053552 -0.378728 -0.183284
-0.007397 0.000570 -0.001603
-0.002565 0.011620 0.009058
0.000564 0.000033 0.000154
0.000177 -0.000132 -0.000275
-0.000029 0.000001 0.000023
-32.455416 0.608606 0.600763
-0.083631 -1.046900 -1.220099
0.029046 -0.033067 0.040568
0.015670 0.078932 0.044928
0.005492 0.001234 -0.001706
-0.000381 -0.001720 -0.001027
-0.000308 -0.000112 0.000111
0.000037 0.000033 -0.000002
-32.092133 -1.108283 -1.651946
0.522098 0.028232 -0.401907
0.187701 0.337890 0.214219
-0.000690 -0.008042 -0.004701
-0.008115 -0.012445 -0.004936
-0.000100 0.001065 0.000446
0.000345 0.000477 0.000082
-0.000034 -0.000071 -0.000015
-30.021107 0.496698 -1.576010
1.064703 1.126554 0.361261
0.005171 0.116831 0.089206
-0.029028 -0.017630 -0.020890
0.003876 0.007194 0.000367
0.000772 -0.000568 -0.000140
-0.000223 -0.000706 -0.000165
0.000019 0.000129 0.000030
-28.314740 2.680070 -0.815943
0.925156 1.447757 0.476724
-0.060143 0.074364 -0.028193
0.003033 -0.016585 -0.029752
0.004067 -0.006158 -0.002849
-0.000351 -0.000051 -0.000033
0.000000 0.000809 0.000186
0.000001 -0.000145 -0.000002
-27.064383 4.882289 -0.283526
0.811601 1.503149 0.174186
-0.005515 -0.043900 -0.183854
0.019424 -0.026287 -0.035780
0.001570 0.003565 0.002683
-0.000323 0.000542 0.001521
0.000006 -0.000674 0.000168
-0.000006 0.000119 -0.000070
-25.737984 7.031605 -0.560489
0.948904 1.220854 -0.569245
0.094934 -0.130694 -0.253287
0.020536 -0.017304 0.016000
-0.001555 -0.000997 0.011443
-0.000589 0.000292 -0.000442
-0.000063 0.000620 -0.000589
0.000014 -0.000099 0.000076
-23.243314 8.868960 -2.519216
1.489283 0.536606 -1.139531
0.124369 -0.146469 -0.001306
-0.019580 0.033178 0.035896
-0.007318 0.011159 -0.007552
-0.000105 -0.000899 -0.000977
0.000141 -0.000812 0.000503
0.000002 0.000116 -0.000049
-20.147216 9.696603 -4.572832
1.556696 0.511220 -0.965690
-0.129416 0.126179 0.044452
-0.058928 0.025325 -0.010490
-0.000066 -0.013800 -0.001337
0.001653 -0.001275 0.000980
0.000163 0.000747 -0.000165
-0.000039 -0.000065 0.000012
-17.834532 11.530485 -6.746634
0.231337 0.854769 -0.907677
-0.313867 -0.076819 -0.004228
0.034173 -0.049539 0.001004
0.015254 0.003943 0.001862
-0.000591 0.001721 0.000020
-0.000478 -0.000326 0.000030
0.000046 0.000018 -0.000006
-18.237284 12.663795 -9.000000
-0.028067 -0.059645 -0.770816
0.249098 -0.180630 0.086423
0.060319 0.021996 0.022756
-0.012235 0.004693 0.001647
-0.001561 -0.000756 -0.000320
0.000352 0.000004 -0.000074
-0.000016 0.000002 0.000008
-13.546164 11.389747 -9.000000
1.257998 -0.045275 0.930566
-0.275539 0.108259 0.163055
-0.068272 -0.006502 -0.033276
0.007733 -0.004474 -0.003671
0.001234 0.000197 0.000881
-0.000139 0.000068 0.000165
-0.000001 -0.000005 -0.000028
-12.827478 11.714855 -6.172038
-0.784746 0.160883 1.111142
-0.385287 -0.050538 -0.046445
0.041896 -0.024477 -0.000098
0.009141 0.001642 0.007651
-0.001076 0.000537 -0.000337
-0.000165 -0.000023 -0.000326
0.000021 -0.000005 0.000038
-16.455227 11.495011 -3.376874
-1.614997 -0.383693 1.177159
0.061571 -0.108787 0.076366
0.040927 0.013010 0.004046
-0.008393 0.003427 -0.006119
-0.000641 -0.000477 0.000002
0.000221 -0.000107 0.000369
-0.000010 0.000017 -0.000046
-19.512739 10.294024 -0.448613
-1.117455 -0.602223 1.389487
0.084144 0.007999 0.004785
-0.025617 0.011230 -0.008452
-0.003024 -0.003108 0.003551
0.001254 -0.000090 0.000130
0.000063 0.000165 -0.000350
-0.000019 -0.000017 0.000039
-22.086872 8.951900 2.907443
-1.111973 -0.499483 1.367445
-0.030647 0.022713 -0.026475
0.013933 0.002143 -0.019504
0.008360 0.001811 -0.006510
-0.000145 0.000197 -0.000206
-0.000255 -0.000126 0.000304
0.000021 0.000010 -0.000023
-24.901047 7.796124 5.872047
-0.112675 -0.092729 -0.038236
0.324773 0.094899 -0.367476
0.011493 -0.000221 -0.002219
-0.008985 -0.002355 0.010989
-0.000238 0.000128 0.000475
0.000246 0.000119 -0.000236
-0.000018 -0.000016 0.000010
-23.046169 8.156011 3.617065
1.285667 0.323007 -1.256291
0.120844 0.062414 0.030247
-0.038922 0.001040 0.076532
0.002533 0.001464 -0.001595
0.001043 -0.000371 -0.001831
-0.000088 -0.000181 -0.000048
-0.000011 0.000033 0.000029
-20.413048 8.993667 1.809239
1.443908 0.569018 -0.487435
0.002267 0.057387 0.311384
0.000281 -0.010412 0.006045
0.005037 -0.003823 -0.014720
-0.000792 0.000070 -0.000260
-0.000238 0.000259 0.000327
0.000042 -0.000035 -0.000016
-17.409049 10.254057 1.918718
1.529675 0.586789 0.397284
0.031683 -0.054456 0.032109
-0.006663 -0.015930 -0.079034
-0.005495 0.002662 -0.001712
-0.000059 0.000183 0.002348
0.000358 -0.000241 0.000099
-0.000039 0.000034 -0.000041
-14.289487 11.129723 2.246084
1.439800 0.238226 -0.313147
-0.087733 -0.106887 -0.299352
-0.017146 -0.006571 -0.003002
0.004504 -0.000264 0.016372
0.000868 0.000245 0.000014
-0.000206 0.000251 -0.000480
0.000008 -0.000039 0.000045
-11.661286 11.106733 0.481054
1.046015 -0.253271 -1.091383
-0.046207 -0.090244 0.024244
0.026623 0.022825 0.076647
0.002363 0.006146 -0.001056
-0.001010 -0.000305 -0.001824
-0.000086 -0.000336 0.000194
0.000022 0.000035 -0.000008
-9.112782 10.431676 -1.088138
1.227717 -0.128218 0.037833
0.081566 0.134382 0.370404
-0.006482 0.014050 0.008054
-0.006861 -0.009247 -0.009867
0.000279 -0.000936 0.000030
0.000268 0.000247 0.000068
-0.000032 -0.000003 0.000007
-6.164761 10.720362 0.702365
1.285810 0.233676 1.405835
-0.072937 -0.063638 0.165180
-0.021540 -0.062474 -0.057735
0.004028 -0.002205 -0.001869
0.000566 0.002107 0.001631
-0.000226 0.000207 0.000171
0.000015 -0.000057 -0.000048
-4.080451 10.537503 3.585322
0.895558 -0.592423 1.473724
-0.105748 -0.312020 -0.083924
0.005625 -0.001001 -0.011787
0.000937 0.015394 0.011352
-0.000830 0.000184 -0.000044
-0.000020 -0.000545 -0.000465
0.000018 0.000053 0.000048
-2.590149 8.063610 6.492411
0.467364 -1.429829 1.303931
-0.116527 0.009187 0.050269
-0.015678 0.070639 0.026780
-0.003065 -0.002378 -0.004824
0.000689 -0.001696 -0.001320
0.000252 0.000258 0.000270
-0.000037 -0.000013 -0.000014
-2.318039 5.579850 9.784179
-0.284952 -0.576643 1.627564
-0.185191 0.302661 0.022817
0.015581 0.010544 -0.034318
0.009261 -0.007312 -0.004927
0.000251 0.000341 0.000805
-0.000318 0.000047 0.000047
0.000022 -0.000004 -0.000006
-3.705688 7.472094 14.118405
0.403010 1.090550 -0.001130
0.307622 0.030835 -0.295691
-0.007417 -0.028297 0.022330
-0.012191 0.001562 0.008370
0.000220 0.000052 -0.000230
0.000315 -0.000071 -0.000132
-0.000029 0.000009 0.000009
-1.806273 9.643343 13.178451
1.225230 0.902136 -0.687634
0.030115 -0.112551 0.009583
-0.061568 -0.019671 0.063908
0.001421 0.000453 0.000146
0.001530 0.000016 -0.001094
-0.000105 0.000065 -0.000007
-0.000005 -0.000005 0.000008
0.643995 10.918703 12.409977
0.551342 0.043032 0.344908
-0.211254 -0.213297 0.335487
0.008056 -0.001510 0.006998
0.008202 0.003811 -0.009745
-0.000636 0.000302 -0.000165
-0.000187 -0.000026 0.000132
0.000022 -0.000003 -0.000005
1.040564 9.558956 15.676927
-0.035313 -0.799648 1.601305
0.012034 -0.009504 -0.007561
0.013990 0.046352 -0.067717
-0.005817 0.002082 0.000047
-0.000070 -0.000744 0.001259
0.000253 -0.000096 0.000034
-0.000023 0.000013 -0.000013
1.069876 8.329909 18.922464
0.012196 0.348771 0.114091
0.004662 0.263658 -0.282385
0.015193 -0.016477 0.035387
0.006062 -0.009183 0.010343
-0.000049 0.000289 -0.000911
-0.000251 0.000204 -0.000261
0.000022 -0.000017 0.000028
2.267404 11.040028 18.145769
1.038017 0.696351 0.020453
0.266251 -0.179221 0.176891
-0.002791 -0.026835 -0.005455
-0.008219 0.007878 -0.012610
0.000126 0.000367 0.000418
0.000268 -0.000196 0.000392
-0.000032 0.000014 -0.000036
6.035459 11.566741 18.812605
1.920159 -0.206967 0.284977
0.059213 -0.123112 -0.106696
-0.037292 0.032072 -0.036217
0.001044 0.002121 0.008686
0.000126 -0.000757 0.001653
-0.000268 0.000040 -0.000221
0.000045 -0.000002 -0.000014
9.415108 11.002139 18.888818
1.791001 -0.328005 -0.184851
-0.134965 0.049950 -0.081862
-0.040205 0.027051 0.047821
-0.001698 -0.003145 0.010322
0.000241 -0.000488 -0.001581
0.000290 0.000010 -0.000389
-0.000036 0.000008 0.000056
12.474399 10.776067 18.921682
0.314272 0.177537 0.585389
-0.366825 0.073089 0.303493
0.003262 -0.022300 -0.001709
0.008404 -0.003255 -0.015491
-0.000467 0.000869 0.000352
-0.000380 0.000161 0.000634
0.000056 -0.000034 -0.000078
11.660763 11.246058 21.238713
-0.980352 0.171784 1.407275
-0.229109 -0.055003 0.032713
0.021143 -0.004190 -0.051433
-0.003371 0.005610 0.005077
-0.000016 -0.000236 0.001137
0.000451 -0.000336 -0.000510
-0.000067 0.000051 0.000071
9.743134 11.389235 23.271235
-1.553629 0.037283 1.239577
-0.156874 -0.023753 -0.118844
0.018972 0.010474 -0.017315
0.003748 -0.001501 0.004812
0.000871 -0.000879 -0.000095
-0.000253 0.000193 0.000235
0.000014 -0.000011 -0.000040
6.164612 11.410664 25.248161
-1.800956 -0.020397 0.723590
0.071106 -0.029565 -0.081619
0.051270 -0.012098 0.033503
0.000975 -0.001611 0.006572
-0.001013 0.000549 -0.000732
-0.000055 0.000041 -0.000339
0.000015 -0.000010 0.000044
2.803003 10.955164 27.271471
-0.584369 -0.393390 1.112818
0.332249 -0.090200 0.193999
-0.001334 0.006261 0.004662
-0.008626 0.003603 -0.010403
0.000204 -0.000193 0.000106
0.000213 -0.000137 0.000448
-0.000022 0.000016 -0.000048
3.258001 9.480211 31.382921
0.682123 -0.586993 1.726117
0.088016 0.017587 0.008509
-0.035926 0.005817 -0.013426
0.002511 -0.003314 0.006646
0.000324 -0.000029 -0.000079
-0.000199 0.000158 -0.000471
0.000021 -0.000018 0.000057
4.938412 8.204385 35.404924
0.624522 -0.536892 1.741126
-0.097964 -0.008944 -0.005101
-0.023916 -0.004943 -0.016322
-0.000760 0.001396 -0.007556
-0.000107 0.000176 -0.000227
0.000137 -0.000128 0.000450
-0.000012 0.000013 -0.000041
5.406305 6.630050 39.484802
-0.452459 -0.613015 0.953033
-0.272949 -0.016661 -0.280291
-0.006923 -0.003510 -0.012666
0.004805 -0.001264 0.010203
0.000307 0.000120 0.000640
-0.000086 0.000121 -0.000344
0.000002 -0.000015 0.000023
1.530149 4.401644 40.245365
-1.776135 -0.799355 -0.084169
-0.071409 -0.006502 0.047666
0.036171 0.016304 0.042056
-0.001307 0.002128 -0.006205
-0.000955 -0.000744 -0.001132
-0.000047 -0.000212 0.000158
0.000024 0.000042 0.000005
-2.263930 2.838253 40.520248
-1.734689 -0.630210 0.376494
0.040365 0.056980 0.093164
-0.009309 -0.009972 -0.027477
-0.006488 -0.006241 -0.005878
0.000735 0.000455 0.001358
0.000314 0.000402 0.000236
-0.000044 -0.000055 -0.000047
-6.034871 1.544336 41.447050
-1.817930 -0.654010 0.335214
-0.069138 -0.060234 -0.082253
-0.001170 -0.003350 -0.002619
0.007759 0.007279 0.008654
0.000405 0.000189 -0.000254
-0.000364 -0.000442 -0.000482
0.000035 0.000050 0.000061
-9.910137 0.040644 41.881103
-1.876031 -0.746644 0.167107
0.082757 0.039236 0.015880
0.038177 0.019198 0.012346
-0.000547 -0.003520 -0.006012
-0.001031 -0.000854 -0.000860
0.000129 0.000271 0.000383
-0.000006 -0.000020 -0.000030
-13.652324 -1.483533 42.355560
-0.875745 -0.446569 0.093140
0.251498 0.033380 -0.093476
-0.000554 -0.011486 -0.021694
-0.004360 0.000652 0.003182
0.000178 0.000577 0.000892
0.000027 -0.000087 -0.000157
-0.000002 0.000003 0.000006
-13.283767 -3.007289 40.492737
0.000995 0.012021 0.011439
-0.010675 -0.114649 -0.108576
0.008860 -0.036850 -0.040676
-0.002170 0.000299 0.004196
-0.000864 0.000944 0.002144
-0.000070 0.000101 0.000208
0.000473 -0.000196 -0.000961
-13.283767 -3.007289 40.492737
-0.000908 -0.012400 -0.011849
-0.008119 -0.125846 -0.120684
0.007890 -0.036630 -0.038751
-0.002602 0.000787 0.005281
-0.000804 0.000963 0.002062
0.000267 -0.000038 -0.000475
-0.000018 -0.000003 0.000027
-13.640116 -6.709609 37.827322
-0.256497 -1.674839 -0.988722
-0.019757 -0.047087 0.002488
0.025369 0.060467 0.005290
0.005567 0.004154 -0.006974
-0.000554 -0.000965 0.000055
-0.000247 -0.000116 0.000315
0.000029 0.000015 -0.000032
-13.692001 -10.482642 34.605927
0.483476 -0.340073 -1.268809
0.206005 0.397978 -0.090436
-0.010183 0.003015 0.007271
-0.008823 -0.011571 0.006365
0.000489 -0.000138 -0.000316
0.000362 0.000207 -0.000356
-0.000044 -0.000009 0.000044
-11.688457 -9.321507 31.275129
1.003021 1.047470 -1.388998
0.001059 0.088875 0.034347
-0.018141 -0.068783 0.002567
0.006852 0.000498 -0.006989
0.000331 0.001795 -0.000139
-0.000383 0.000061 0.000380
0.000039 -0.000032 -0.000037
-9.600577 -7.267367 28.383281
0.983720 0.691198 -1.415592
0.020708 -0.173973 -0.069316
0.009065 0.005656 -0.016547
-0.002613 0.013108 0.004869
-0.000892 -0.000416 0.001204
0.000192 -0.000408 -0.000169
-0.000010 0.000043 -0.000001
-7.425935 -6.317718 25.071055
1.048031 0.407079 -1.670181
-0.026592 0.088369 0.017187
-0.023262 0.050735 0.045450
-0.002371 -0.004494 0.005913
0.000642 -0.001607 -0.001040
0.000051 0.000219 -0.000186
-0.000010 -0.000003 0.000027
-5.475362 -4.530095 21.976082
0.550845 1.245686 -0.790829
-0.174930 0.190022 0.348688
-0.008564 -0.024654 0.027514
0.004970 -0.007105 -0.009023
0.000306 0.001031 -0.000598
-0.000101 0.000168 0.000251
0.000003 -0.000025 -0.000016
-5.167539 -0.396519 22.479646
-0.190546 1.519071 1.013445
-0.034607 -0.059928 0.205167
0.032934 -0.005524 -0.044895
-0.000181 0.007856 -0.000584
-0.000913 -0.000168 0.000982
-0.000048 -0.000314 -0.000059
0.000009 0.000012 0.000003
-5.415579 1.599901 24.156357
-0.117019 1.392756 1.333389
0.074132 -0.013100 0.035279
0.013142 0.019688 -0.032145
-0.007007 -0.001169 0.004753
-0.000938 -0.002280 0.000597
0.000042 -0.000195 -0.000034
0.000054 0.000115 -0.000034
-5.434387 3.461564 25.933028
0.072418 1.415310 1.308580
0.036871 0.000335 -0.033038
-0.032803 -0.023427 -0.001610
-0.007664 -0.012039 0.005037
0.001413 0.000433 -0.000930
0.000548 0.000875 -0.000349
-0.000113 -0.000121 0.000090
-5.370531 5.356717 27.725346
-0.066136 1.171323 1.237056
-0.134809 -0.193042 -0.016026
-0.032761 -0.050312 0.001093
0.007562 0.005292 -0.003140
0.001314 0.002778 -0.000131
-0.000571 -0.000322 0.000537
0.000060 -0.000011 -0.000089
-5.912124 6.594824 29.675171
-0.617342 0.312844 1.160542
-0.163941 -0.272018 -0.031143
0.016737 0.026818 0.001460
0.004729 0.013486 0.003664
-0.000904 -0.000955 0.000173
0.000115 -0.000446 -0.000475
-0.000020 0.000060 0.000066
-7.322628 6.563415 31.587352
-0.967906 -0.182281 1.117223
-0.032721 0.013305 0.008517
0.028238 0.064674 0.004049
-0.001393 -0.003620 -0.004096
-0.000939 -0.001861 -0.000671
-0.000122 0.000269 0.000309
0.000040 -0.000017 -0.000020
-8.944605 6.557066 33.487306
-0.904958 0.292193 1.096168
0.037903 0.217429 -0.041845
-0.008391 0.008011 -0.018799
-0.007749 -0.010683 0.000048
0.000244 -0.000145 0.001240
0.000354 0.000069 0.000067
-0.000041 0.000016 -0.000051
-10.411131 7.579020 35.104078
-0.956534 0.883292 0.850825
-0.089389 0.089529 -0.084247
-0.031777 -0.055864 0.007924
0.002215 -0.006646 0.005087
0.001413 0.001427 -0.000965
-0.000117 0.000250 -0.000515
-0.000006 -0.000051 0.000116
-12.232289 8.946630 36.280148
-1.402576 0.700421 0.676967
-0.163480 -0.204235 -0.032684
0.006637 -0.053929 0.000933
0.008153 0.006871 -0.005773
-0.000007 0.001129 0.000211
-0.000185 -0.000314 0.000765
0.000014 0.000026 -0.000126
-14.969132 9.352989 37.302349
-1.754143 -0.292856 0.514670
-0.009592 -0.336432 -0.059772
0.047560 0.001678 0.005573
0.002488 0.007300 0.007411
-0.001067 -0.000517 0.000397
-0.000025 -0.000011 -0.000728
-0.000000 -0.000001 0.000098
-17.575914 8.094163 38.030613
-1.422717 -1.246347 0.464716
0.208939 -0.240616 0.045721
0.034608 0.033747 0.026245
-0.006893 0.002598 -0.003196
-0.001304 -0.000695 -0.001360
-0.000025 -0.000026 0.000358
0.000043 0.000014 -0.000037
-19.348705 5.296353 39.112703
-0.559198 -1.759186 0.768746
0.200038 -0.047601 0.087859
-0.043953 0.032231 -0.012610
-0.011072 -0.001995 -0.005657
0.001345 -0.000008 -0.000028
0.000518 0.000154 -0.000110
-0.000079 -0.000030 0.000038
-20.040756 2.148941 40.644689
-0.413678 -1.654345 0.825921
-0.123742 0.099293 -0.093858
-0.048881 0.024451 -0.053163
0.010014 -0.000758 -0.003553
0.001553 -0.000401 0.001352
-0.000479 -0.000227 0.000366
0.000029 0.000038 -0.000064
-21.705256 -0.721824 41.474911
-1.162484 -1.008098 -0.232557
-0.135615 0.161811 -0.345989
0.035289 -0.016207 0.001540
0.004010 -0.007600 0.013991
-0.001765 0.000304 -0.000055
-0.000043 0.000338 -0.000587
0.000028 -0.000035 0.000064
-24.769074 -2.599231 39.344997
-1.259135 -0.764714 -1.295853
0.038954 -0.065316 -0.047028
-0.006615 -0.019786 0.044802
-0.007362 0.008089 -0.006492
0.000976 0.000929 -0.000852
0.000427 -0.000250 0.000476
-0.000069 0.000009 -0.000048
-27.451517 -4.552733 36.641723
-1.302003 -0.961621 -1.127118
-0.040445 0.052657 0.083773
0.008634 0.049724 0.008481
0.008753 0.003820 0.000748
-0.000221 -0.001428 0.000646
-0.000612 -0.000114 -0.000244
0.000073 0.000023 0.000019
-30.579947 -5.859000 34.537876
-1.078472 0.148838 -0.495511
0.109535 0.326717 0.172564
-0.008011 -0.003996 0.006914
-0.011531 -0.012028 -0.003411
0.000064 -0.000141 -0.000492
0.000651 0.000288 0.000091
-0.000079 -0.000017 -0.000003
-32.495341 -4.486402 34.224923
-1.006777 1.056933 0.141166
-0.104769 0.064173 0.114083
-0.038075 -0.069312 -0.026927
0.006009 -0.001132 -0.003748
0.001313 0.001869 0.000343
-0.000441 0.000050 0.000050
0.000046 -0.000034 -0.000002
-34.626596 -2.832515 34.635463
-1.547680 0.731346 0.241077
-0.171879 -0.220473 -0.064895
0.010782 -0.028328 -0.038126
0.006018 0.011054 0.001008
-0.000385 0.000325 0.000744
0.000106 -0.000354 0.000029
-0.000018 0.000030 -0.000007
-38.405849 -2.325748 34.558498
-1.927142 -0.193344 -0.418446
0.033207 -0.154710 -0.206991
0.051470 0.033948 0.003511
0.003131 0.000986 0.008503
-0.000725 -0.001323 0.000482
-0.000160 0.000091 -0.000071
0.000025 0.000006 -0.000027
-40.974931 -2.833899 33.561246
-1.485161 -0.441581 -0.887706
0.268152 -0.027773 -0.077062
0.048354 0.018168 0.054612
-0.004552 -0.005120 0.006815
-0.001015 -0.000266 -0.001351
0.000094 0.000151 -0.000349
0.000004 -0.000010 0.000055
-42.585541 -3.795617 31.936733
0.009103 -0.499560 -0.440620
0.390690 -0.036192 0.264477
-0.013415 -0.015223 0.026884
-0.007841 -0.001305 -0.012556
0.000490 0.000707 -0.000778
0.000149 0.000006 0.000441
-0.000015 -0.000006 -0.000032
-39.268929 -6.367362 33.021439
1.535141 -1.054947 0.653059
0.057359 -0.052602 -0.058742
-0.017737 0.024160 -0.038100
0.005435 0.003247 0.006380
-0.000137 -0.000670 0.000440
-0.000211 -0.000142 -0.000321
0.000025 0.000022 0.000034
-35.473492 -8.772793 33.921864
1.710045 -0.874318 0.051128
0.036334 0.106263 -0.154761
-0.001796 0.004750 -0.001080
-0.002136 -0.006375 0.000335
-0.000197 -0.000140 -0.000187
0.000202 0.000218 0.000232
-0.000021 -0.000016 -0.000027
-31.446377 -10.315856 33.239326
1.773387 -0.572154 -0.623111
-0.011736 -0.009490 -0.114839
-0.003791 -0.024156 0.021552
0.002507 0.002383 0.004993
0.000227 0.001086 0.000010
-0.000140 -0.000039 -0.000203
0.000009 -0.000015 0.000016
-27.618636 -11.759706 31.653018
1.763183 -0.759206 -0.656045
0.020448 -0.015397 0.117575
0.007032 0.028524 0.036244
-0.001694 0.006095 -0.003531
-0.000691 -0.000894 -0.001038
0.000000 -0.000263 0.000043
0.000010 0.000037 0.000010
-23.472494 -13.151398 31.049747
1.801189 -0.272299 0.166961
-0.054221 0.205575 0.161221
-0.034944 0.009937 -0.030889
-0.005320 -0.009232 -0.007919
0.000431 -0.000413 0.000635
0.000163 0.000333 0.000201
-0.000014 -0.000025 -0.000021
-19.698000 -12.430987 31.752560
0.138695 0.406777 -0.200224
-0.420222 -0.052294 -0.242526
-0.005410 -0.023918 -0.011525
0.010052 0.006718 0.009499
0.000470 0.000638 0.000087
-0.000159 -0.000223 -0.000258
0.000004 0.000012 0.000021
-22.274124 -11.777287 29.398304
-1.465890 0.157901 -1.169965
0.009837 0.050345 -0.021925
0.083808 0.027956 0.032638
0.000306 -0.002192 -0.003633
-0.001546 -0.001148 -0.000608
-0.000071 0.000020 0.000179
0.000023 0.000016 -0.000015
-24.705290 -10.834634 26.710327
-0.157405 0.607747 -0.939047
0.414226 0.045542 0.065747
0.001474 -0.037523 -0.006313
-0.013069 -0.006404 -0.002836
0.000363 0.001126 0.000086
0.000329 0.000288 -0.000085
-0.000037 -0.000043 0.000019
-23.382513 -9.761326 24.892811
1.220415 0.208740 -0.854976
0.171631 -0.210595 -0.051623
-0.056226 -0.016833 -0.029134
0.000769 0.010485 -0.001220
0.001084 0.000682 0.000827
-0.000216 -0.000357 0.000201
0.000020 0.000023 -0.000041
-20.645514 -10.160323 22.733230
1.307586 -0.506368 -1.369529
-0.100346 -0.072691 -0.168242
-0.029578 0.050441 0.004255
0.004357 0.002278 0.007754
0.000206 -0.001640 -0.000206
0.000071 -0.000026 -0.000372
-0.000021 0.000022 0.000044
-18.753937 -11.013640 19.850416
0.780532 -0.314303 -1.793535
-0.161190 0.151965 -0.049129
0.008453 0.019593 0.026503
0.005329 -0.009145 -0.003034
-0.000464 -0.000430 -0.001235
-0.000196 0.000253 0.000179
0.000027 -0.000013 0.000005
-17.655849 -10.983550 15.916594
0.331233 0.262655 -1.836855
-0.041235 0.049709 -0.022598
0.014170 -0.038446 -0.016966
-0.003777 -0.000723 -0.001913
-0.000337 0.001569 0.001622
0.000216 0.000056 0.000262
-0.000017 -0.000040 -0.000069
-17.173655 -10.566012 12.651779
0.240928 0.147329 -2.020141
-0.029177 -0.086740 -0.050147
-0.005110 -0.004132 0.022641
-0.000253 0.008166 0.011411
0.000815 -0.000291 0.000115
0.000010 -0.000420 -0.000557
-0.000016 0.000061 0.000058
-16.865044 -10.529827 9.277843
0.124765 -0.060444 -1.804850
-0.023396 -0.015247 0.215524
0.012845 0.019544 0.065874
0.004301 -0.002029 -0.001702
-0.000068 -0.000889 -0.002036
-0.000183 0.000303 0.000134
0.000017 -0.000027 0.000008
-16.458185 -10.591076 6.914021
0.362268 0.043552 -0.092731
0.138558 0.037105 0.436939
0.021417 0.000699 -0.015745
-0.003595 0.000082 -0.010968
-0.000686 0.000262 0.000716
0.000093 -0.000135 0.000268
-0.000002 0.000012 -0.000029
-13.636367 -10.042966 9.919937
1.250984 0.271634 1.484173
0.025277 0.006596 0.061237
-0.041595 -0.015449 -0.012495
-0.002401 -0.002385 0.008179
0.000687 0.000330 -0.000501
0.000048 0.000142 -0.000393
-0.000005 -0.000020 0.000055
-11.188155 -9.604069 13.564385
0.725625 0.032111 1.791721
-0.237911 -0.102250 0.083980
-0.022449 -0.005989 -0.004247
0.006807 0.004090 -0.005333
0.000763 0.000116 0.000039
-0.000037 -0.000173 0.000473
-0.000019 0.000021 -0.000073
-10.723491 -9.911951 17.242026
-0.206482 -0.323837 1.967272
-0.179795 -0.061866 0.000374
0.043820 0.014948 -0.011577
0.007307 0.000700 0.003039
-0.001158 -0.000285 -0.000205
-0.000296 0.000104 -0.000515
0.000049 -0.000011 0.000078
-11.420736 -10.658522 20.998709
-0.307866 -0.381710 1.855933
0.121234 0.035866 -0.078101
0.037771 0.019243 -0.032368
-0.008199 0.000915 -0.008095
-0.000748 0.000030 -0.000024
0.000366 -0.000050 0.000547
-0.000030 0.000001 -0.000054
-11.025111 -10.998219 24.546240
0.577186 0.295764 0.359277
0.121253 0.203902 -0.426905
-0.015995 0.013258 -0.003628
0.001477 -0.003427 0.014289
0.000573 -0.000591 0.000402
-0.000207 -0.000025 -0.000495
0.000016 0.000013 0.000039
-8.328687 -8.131309 22.493263
1.058870 1.294222 -1.106882
0.037883 -0.015837 0.039554
-0.013650 -0.061188 0.041626
-0.002457 -0.002755 -0.010248
0.000059 0.001548 -0.000790
0.000152 0.000251 0.000369
-0.000016 -0.000044 -0.000026
-5.361832 -5.807065 19.910727
0.833385 0.057197 -0.760329
-0.098405 -0.231675 -0.028681
-0.002586 0.050881 -0.027443
0.003870 0.013589 0.002883
-0.000142 -0.001921 0.001064
-0.000175 -0.000648 -0.000157
0.000021 0.000104 -0.000002
-4.101290 -6.078943 18.211184
0.507029 -0.080784 -1.045025
-0.061832 0.150917 -0.080688
0.007228 0.042409 0.010829
-0.001910 -0.014822 0.003975
-0.000515 -0.001311 -0.000884
0.000110 0.000754 -0.000182
-0.000002 -0.000069 0.000039
-3.307265 -5.516110 15.869062
0.258331 0.572058 -1.199466
-0.081770 0.073985 -0.008568
-0.012276 -0.046995 -0.000752
-0.000881 -0.001709 -0.004831
0.000660 0.001876 0.000286
0.000082 -0.000233 0.000373
-0.000014 0.000011 -0.000054
-3.182712 -4.484652 13.558986
-0.150393 0.399016 -1.312540
-0.117897 -0.139777 -0.052898
0.008710 -0.020014 -0.001320
0.006331 0.006165 0.005045
0.000543 0.000083 0.000522
-0.000103 -0.000088 -0.000331
-0.000012 0.000003 0.000033
-3.743350 -4.289341 10.935213
-0.314631 -0.185713 -1.394116
0.079371 -0.130501 0.036628
0.056888 0.019060 0.025292
0.003103 0.002905 -0.000099
-0.001521 -0.000694 -0.000787
-0.000260 -0.000048 0.000101
0.000052 0.000012 -0.000006
-3.565696 -5.036841 8.410007
0.681990 -0.445794 -0.974634
0.347146 -0.002579 0.144244
0.004753 0.012843 0.004806
-0.013292 -0.003522 -0.003652
-0.000110 -0.000178 -0.000086
0.000487 0.000132 0.000012
-0.000045 -0.000010 0.000004
0.867053 -6.301696 6.618070
1.894984 -0.428116 -0.372341
0.006919 -0.018591 0.001418
-0.028831 -0.004081 -0.029824
0.008504 0.001690 0.000121
0.000223 0.000223 0.000822
-0.000450 -0.000087 0.000089
0.000044 0.000007 -0.000019
5.643365 -7.529495 5.251549
1.769442 -0.485596 -0.751352
-0.032462 0.014088 -0.068813
-0.013029 0.008525 0.027530
-0.007114 -0.000179 0.008013
-0.000540 -0.000200 -0.000517
0.000353 0.000033 -0.000261
-0.000026 -0.000002 0.000025
10.029849 -8.790573 3.601474
0.144329 -0.164912 0.321627
-0.413986 0.057353 0.276385
-0.006827 -0.000588 -0.017697
0.010010 -0.000528 -0.010494
0.000139 -0.000012 0.000757
-0.000290 -0.000015 0.000379
0.000028 0.000003 -0.000047
7.663458 -8.858591 5.830592
-1.602504 0.082967 0.999474
-0.144088 0.021486 -0.018020
0.049234 -0.008543 -0.012310
-0.000604 -0.000573 0.008769
-0.000212 0.000140 -0.000426
0.000247 0.000034 -0.000523
-0.000039 -0.000006 0.000074
4.398269 -8.683530 7.685378
-1.617668 0.067496 0.957674
0.140285 -0.026847 0.009025
0.053309 -0.005826 0.000663
0.001420 0.001162 -0.005819
-0.000366 0.000067 -0.000694
-0.000274 -0.000047 0.000476
0.000031 0.000005 -0.000042
2.038018 -8.739848 10.002516
0.066968 -0.115629 0.703366
0.438421 -0.034063 -0.121221
-0.003119 0.001682 -0.006631
-0.012231 0.000113 0.007687
-0.000317 -0.000016 0.000829
0.000280 0.000036 -0.000280
-0.000018 -0.000005 0.000012
4.419531 -9.202562 11.211470
1.506280 -0.236815 0.467184
0.038238 -0.008259 0.103719
-0.082343 0.006798 0.050395
0.000094 0.000806 -0.001746
0.001528 -0.000070 -0.001851
-0.000032 -0.000043 -0.000080
-0.000006 0.000004 0.000050
6.914052 -9.633363 12.784284
0.837683 -0.180137 1.255778
-0.336122 0.037329 0.235371
-0.032281 0.006205 -0.018867
0.011578 -0.001253 -0.011416
0.000705 -0.000252 0.001150
-0.000110 0.000012 0.000599
-0.000023 0.000006 -0.000097
7.318262 -9.814074 15.401393
-0.329240 -0.034263 1.748790
-0.289066 0.038386 0.045717
0.048550 -0.006673 -0.033558
0.009042 -0.001953 0.007407
-0.001760 0.000196 0.001411
-0.000379 0.000078 -0.000547
0.000092 -0.000011 0.000035
6.408123 -9.810214 17.966787
-0.798483 0.017742 1.772439
-0.030329 -0.005651 0.004593
0.055146 -0.010898 0.011097
-0.005838 0.000707 0.004110
-0.000991 0.000371 -0.001809
0.000556 -0.000037 -0.000194
-0.000075 -0.000002 0.000057
5.299564 -9.826848 20.668788
-0.603279 -0.055273 1.866030
0.135448 -0.035697 0.043427
0.022116 -0.001158 -0.007753
-0.003391 0.002039 -0.009256
0.000472 -0.000040 -0.000878
-0.000230 -0.000054 0.000402
0.000031 0.000007 -0.000024
4.753834 -9.992941 23.594427
-0.067230 -0.147560 1.798718
0.192871 -0.016382 -0.130013
0.001378 0.007920 -0.061413
-0.004026 0.000685 -0.004710
-0.000115 -0.000186 0.001630
0.000104 0.000023 0.000135
-0.000007 -0.000002 -0.000026
6.002912 -10.346373 26.233360
0.757916 -0.015266 -0.389597
0.049624 0.057855 -0.469701
-0.021388 0.005768 0.025339
0.001519 -0.001048 0.013348
0.000426 -0.000186 -0.000803
-0.000043 -0.000023 -0.000409
-0.000001 0.000007 0.000046
8.045923 -9.962497 22.898966
0.752346 0.285210 -1.755383
-0.013518 0.028454 -0.035491
0.005955 -0.014910 0.039737
0.001838 -0.001556 -0.010127
-0.000439 0.000438 -0.000590
-0.000067 0.000103 0.000436
0.000014 -0.000018 -0.000035
9.625104 -9.385820 19.257887
0.790973 0.208105 -1.724940
0.024327 -0.051621 -0.009692
-0.000812 -0.002244 -0.014240
-0.002718 0.003927 0.001177
-0.000012 0.000056 0.001702
0.000135 -0.000164 -0.000070
-0.000015 0.000017 -0.000018
11.320114 -9.131698 15.591137
0.806171 0.082252 -1.775532
-0.026379 0.009251 0.050043
-0.009372 0.014768 0.044645
0.001245 -0.000626 0.008717
0.000330 -0.000408 -0.000789
-0.000080 0.000089 -0.000331
0.000005 -0.000007 0.000035
13.274371 -8.574135 12.277517
0.581958 0.372849 -0.133238
-0.029660 0.072644 0.482885
0.006078 0.000643 0.009139
0.000299 -0.000936 -0.014562
-0.000183 -0.000005 -0.000592
0.000020 -0.000042 0.000354
-0.000000 0.000005 -0.000022
14.809580 -7.006747 15.060155
0.548991 0.686915 1.615638
0.012919 0.013443 -0.013545
0.003284 -0.016902 -0.092637
-0.000101 -0.001707 0.001828
0.000113 0.000197 0.001683
0.000015 0.000065 -0.000085
-0.000005 -0.000006 -0.000004
16.499968 -5.412242 17.801697
0.718153 0.334364 -0.022222
0.055672 -0.126473 -0.431216
0.007099 -0.005682 0.011323
-0.000451 0.004009 0.012339
-0.000429 0.000312 -0.000373
-0.000081 -0.000052 -0.000164
0.000016 -0.000001 0.000011
18.737210 -5.288330 15.569685
0.998423 -0.125026 -1.345282
0.005947 0.003399 -0.002817
-0.028573 0.036873 0.075263
-0.004503 0.002346 -0.001871
0.000527 -0.000620 -0.001339
0.000206 -0.000070 0.000038
-0.000024 0.000009 0.000009
20.751400 -4.959487 13.164547
0.375936 0.603794 -0.261813
-0.223399 0.249843 0.323147
-0.007040 0.010799 -0.004190
0.008638 -0.007158 -0.009854
0.000479 -0.000470 0.000506
-0.000212 0.000090 0.000204
0.000009 0.000003 -0.000021
20.465364 -1.756307 14.309482
-0.337503 1.584406 0.865913
0.045322 0.017264 0.061153
0.055170 -0.060119 -0.032573
-0.001435 -0.002032 0.004904
-0.001525 0.001374 0.000672
-0.000038 0.000141 -0.000184
0.000024 -0.000030 0.000009
20.430649 1.227610 16.318285
0.442035 0.867317 0.900268
0.216468 -0.275276 0.006247
-0.020898 -0.004547 0.011601
-0.011941 0.012275 0.002197
0.000473 0.000168 -0.000848
0.000337 -0.000321 -0.000044
-0.000030 0.000023 0.000010
22.609337 2.171740 19.871307
0.189529 0.271460 1.107503
-0.251485 0.175191 -0.055857
-0.001413 0.033230 -0.045035
0.013021 -0.009557 -0.005628
-0.000127 -0.000780 0.000797
-0.000395 0.000230 0.000202
0.000033 -0.000011 -0.000022
21.430025 5.482237 20.649689
-0.247210 1.004069 -1.158570
0.105082 -0.159946 -0.361773
-0.013316 -0.052601 0.042498
-0.011748 0.004272 0.010711
0.000781 0.001161 -0.001281
0.000476 -0.000058 -0.000386
-0.000057 -0.000008 0.000057
20.979311 6.449846 16.493883
-0.355586 -0.306277 -1.884589
-0.149722 -0.268281 0.045423
-0.013960 0.031852 0.029717
0.011220 0.009267 -0.010160
0.000587 -0.000670 0.000272
-0.000502 -0.000191 0.000598
0.000048 0.000021 -0.000081
19.745873 5.152095 13.049978
-0.790612 -0.783884 -1.574853
-0.008249 0.056194 0.090031
0.045810 0.060599 0.009051
0.000562 -0.002899 0.005626
-0.001422 -0.001211 0.000688
0.000164 0.000100 -0.000528
-0.000006 0.000001 0.000047
18.333529 4.389666 9.819381
0.000263 0.433966 -0.540240
0.219497 0.258015 0.264790
-0.000750 -0.021298 -0.004652
-0.004852 -0.007563 -0.010745
0.000307 0.000579 -0.000457
0.000042 0.000113 0.000391
-0.000004 -0.000011 -0.000027
21.404389 8.087180 9.375124
1.039319 0.553719 -0.483560
0.015996 -0.139437 -0.157057
-0.003407 0.011529 0.034874
0.003093 0.006385 0.013235
-0.000090 -0.000755 -0.000999
-0.000072 -0.000214 -0.000432
0.000007 0.000028 0.000046
24.997787 9.088690 8.103922
1.298234 0.240295 0.257968
0.078044 -0.018962 0.309164
0.004767 -0.019535 -0.010805
-0.001633 -0.006098 -0.016289
-0.000023 0.001196 0.000557
0.000079 0.000418 0.000596
-0.000011 -0.000083 -0.000069
27.552624 9.315524 9.333922
1.587797 -0.061372 0.964083
0.078837 -0.139681 0.038815
-0.002683 -0.007315 -0.066418
-0.000342 0.008060 0.003191
0.000064 0.000186 0.002325
-0.000063 -0.000608 -0.000263
0.000003 0.000091 -0.000010
30.153500 8.908472 10.694858
1.804060 -0.441926 0.712006
0.059352 -0.087457 -0.161205
-0.007252 0.020199 -0.013157
-0.001724 -0.000497 0.010545
-0.000384 -0.000938 -0.000560
-0.000035 0.000363 -0.000366
0.000014 -0.000038 0.000047
34.075711 7.761704 11.515670
1.856463 -0.585366 0.136233
-0.065548 0.013210 -0.084143
-0.035894 0.016327 0.014664
-0.003711 0.001503 -0.004454
0.000421 0.000168 -0.000876
0.000163 -0.000187 0.000316
-0.000017 0.000018 -0.000023
37.875587 6.639187 11.252891
0.554180 -0.075138 -0.404800
-0.361178 0.149506 -0.155949
-0.009637 0.002162 -0.015212
0.008144 -0.004545 0.002565
0.000317 -0.000054 0.000592
-0.000176 0.000161 -0.000142
0.000011 -0.000014 0.000009
35.788269 7.962847 7.321125
-1.102363 0.575469 -1.551957
0.034588 0.025114 -0.076584
0.044791 0.001419 0.019269
-0.003447 0.002905 0.000363
-0.000468 -0.000542 0.000079
0.000107 -0.000204 0.000097
-0.000007 0.000030 -0.000015
33.752865 9.694688 3.127124
-0.295111 0.734055 -1.475979
0.218267 -0.008102 0.132077
0.003757 -0.029478 0.037918
-0.002878 -0.006469 0.001699
0.000229 0.000532 -0.000610
-0.000018 0.000341 -0.000184
0.000001 -0.000041 0.000026
34.345390 10.876223 0.832498
0.723921 -0.030032 -0.180346
0.166699 -0.272240 0.330040
-0.014327 -0.009836 -0.005386
-0.000894 0.009951 -0.009007
0.000153 0.000319 0.000037
0.000008 -0.000369 0.000271
-0.000002 0.000030 -0.000024
37.937262 8.459673 2.791980
1.318039 -1.125087 0.968506
0.021245 -0.018952 -0.011269
-0.011832 0.015543 -0.026282
0.000525 -0.007667 0.005639
-0.000123 -0.000274 -0.000024
-0.000036 0.000308 -0.000277
0.000010 -0.000026 0.000034
41.198334 5.490783 4.910157
1.205161 -1.327082 0.661185
-0.068674 -0.105917 -0.093417
-0.012225 -0.017313 -0.011457
0.000959 0.003634 -0.001994
0.000624 0.000927 0.000307
0.000135 -0.000149 0.000321
-0.000041 0.000005 -0.000045
43.170522 2.564960 5.739890
0.887909 -1.774197 0.185575
-0.070734 -0.090369 -0.141916
0.017020 0.025094 0.007435
0.004403 0.005557 0.007454
-0.000913 -0.000399 0.000588
-0.000408 -0.000086 -0.000271
0.000073 0.000007 0.000014
44.730144 -0.878241 5.732207
0.827703 -1.733350 -0.067594
0.017396 0.130654 0.054230
-0.004703 0.044295 0.054291
-0.008845 -0.001203 0.001754
-0.000077 -0.000866 -0.001453
0.000555 0.000003 -0.000089
-0.000061 0.000010 0.000025
46.556419 -3.803668 6.620950
0.495829 -0.504228 1.008982
-0.159500 0.306145 0.301301
-0.009171 -0.005752 -0.010168
0.008971 -0.006301 -0.011055
0.000431 0.000458 0.000430
-0.000486 0.000176 0.000345
0.000048 -0.000030 -0.000041
46.965710 -3.571163 10.085968
-0.022052 0.593708 1.844605
-0.027924 0.159612 0.028415
0.025772 -0.025625 -0.045712
-0.003905 0.000439 0.003772
-0.000994 -0.000317 0.000746
0.000276 -0.000291 -0.000299
-0.000018 0.000056 0.000035
46.935356 -2.071810 13.403906
0.013664 0.890393 1.582423
0.011469 -0.023395 -0.138633
-0.009852 -0.047610 -0.015475
-0.002765 -0.004893 0.003039
0.000798 0.000573 -0.000042
0.000042 0.000449 0.000159
-0.000012 -0.000053 -0.000021
46.822536 -0.855636 16.612555
-0.147774 -0.312314 0.792335
-0.033252 -0.308632 -0.068697
0.013177 0.023125 0.038650
0.003941 0.015031 0.004886
-0.000493 -0.000564 -0.000839
-0.000197 -0.000586 -0.000255
0.000025 0.000062 0.000032
46.528492 -2.924924 19.064671
0.036351 -0.780363 1.290109
0.068002 0.143765 0.187268
-0.010541 0.030142 -0.009390
-0.006943 -0.013818 -0.012125
0.000141 -0.000606 -0.000073
0.000276 0.000581 0.000350
-0.000028 -0.000059 -0.000024
46.686538 -3.809653 21.710792
0.059472 -0.282464 1.627110
-0.076498 0.079000 -0.044378
-0.034678 -0.042202 -0.066913
0.001536 -0.003763 -0.001452
0.001221 0.001678 0.002023
-0.000068 -0.000141 0.000053
-0.000010 0.000003 -0.000032
46.303074 -4.390431 24.259157
-0.518341 -0.470833 0.786649
-0.174606 -0.158779 -0.326406
0.008506 -0.027150 -0.009186
0.006833 0.005267 0.013065
-0.000417 0.000240 0.000095
-0.000211 -0.000104 -0.000382
0.000023 0.000009 0.000031
43.911335 -7.279945 24.365471
-0.963410 -1.550533 -0.368863
0.016165 -0.147168 -0.001150
0.008157 0.024766 0.043870
-0.006228 0.003282 -0.006488
-0.000135 -0.000014 -0.001078
0.000244 0.000074 0.000244
-0.000024 -0.000021 -0.000007
41.994937 -10.767317 23.847820
-0.977733 -1.728360 -0.092808
-0.054281 0.087182 0.072767
-0.021186 0.050792 -0.016386
0.000564 0.001598 -0.004321
0.000793 -0.000922 0.001312
-0.000092 -0.000223 0.000149
0.000001 0.000036 -0.000038
39.419464 -13.623780 23.795387
-1.431420 -0.697110 -0.025107
-0.124613 0.330695 -0.010820
0.003253 0.002556 0.008926
0.003011 -0.011448 0.006646
-0.000313 -0.000272 -0.000590
-0.000077 0.000322 -0.000439
0.000016 -0.000020 0.000060
35.834026 -13.796191 23.865416
-1.846656 0.351993 0.175036
-0.060213 0.085534 0.089930
0.011404 -0.059454 -0.003509
-0.000087 0.001021 -0.009158
0.000262 0.001931 -0.000383
0.000166 0.000018 0.000471
-0.000027 -0.000040 -0.000045
32.196847 -13.167956 24.387922
-1.921558 0.176666 0.257831
0.039184 -0.115783 -0.085831
0.030555 0.002465 -0.042670
0.004851 0.010842 0.001999
0.000088 -0.000867 0.001604
-0.000197 -0.000509 -0.000122
0.000013 0.000073 -0.000009
28.586157 -13.143620 24.199879
-1.140870 -0.036531 -0.510691
0.335387 0.022844 -0.191796
0.046034 0.007254 0.018806
-0.003736 -0.008521 0.007305
-0.001226 -0.000194 -0.000953
-0.000003 0.000611 -0.000266
0.000015 -0.000068 0.000038
28.689457 -13.271112 21.823402
1.205421 -0.147735 -0.942338
0.315197 -0.036113 -0.010303
-0.064082 0.021890 -0.011849
-0.009507 0.008318 -0.008020
0.001268 -0.001347 0.000984
0.000293 -0.000745 0.000491
-0.000047 0.000138 -0.000088
31.220854 -13.480441 20.130426
1.610821 -0.020917 -1.160671
-0.083297 0.100600 -0.124464
-0.078000 0.008360 -0.016335
0.005552 -0.011551 0.006380
0.001432 -0.000747 0.000773
-0.000260 0.000866 -0.000533
0.000024 -0.000101 0.000068
33.298321 -13.297130 17.957295
0.880834 0.194209 -1.576338
-0.332954 -0.002541 -0.111437
-0.022338 -0.036999 0.016117
0.010427 0.001068 0.001922
0.000218 0.002166 -0.000703
0.000004 -0.000252 0.000222
-0.000022 -0.000002 -0.000037
33.815540 -13.122114 15.063175
-0.228797 -0.043493 -1.794176
-0.262966 -0.098628 -0.014375
0.048415 0.007248 0.019819
0.008685 0.008285 -0.000804
-0.001078 -0.000490 -0.000688
-0.000260 -0.000272 -0.000219
0.000037 0.000029 0.000066
33.165370 -13.320129 12.645922
-0.612037 -0.202872 -1.746622
-0.006599 -0.000934 0.035444
0.067148 0.033031 -0.000348
-0.002537 -0.000020 -0.005777
-0.001748 -0.001587 0.000067
0.000096 0.000002 0.000405
0.000009 0.000037 -0.000060
32.463223 -13.523310 10.259666
-0.295927 -0.041083 -1.701450
0.203694 0.098211 -0.015233
0.025383 0.007100 -0.017220
-0.011088 -0.007500 0.000829
-0.000583 -0.000055 0.001016
0.000183 0.000364 -0.000178
0.000006 -0.000041 0.000009
32.769947 -13.226046 6.434581
0.481696 0.247237 -1.905626
0.068714 0.008129 -0.050949
-0.055898 -0.018603 0.008130
-0.002736 0.002752 0.002578
0.002337 0.000657 -0.000403
0.000272 -0.000253 -0.000044
-0.000079 0.000024 0.000019
33.584869 -12.806938 2.646859
0.220433 0.163538 -1.965467
-0.135856 -0.029767 0.026213
0.010841 0.002586 0.015778
0.015107 0.001085 0.000932
-0.000710 -0.000367 0.000548
-0.000798 0.000076 0.000208
0.000117 -0.000010 -0.000055
33.714795 -12.607842 -0.330854
0.055114 0.097742 -1.724247
0.064575 -0.010643 0.145464
0.051053 0.004043 0.039841
-0.004297 -0.000384 0.005394
-0.002112 -0.000184 -0.000399
0.000504 -0.000038 -0.000407
-0.000037 0.000009 0.000047
34.527149 -12.421980 -2.922697
0.774950 0.067680 -0.415126
0.189102 -0.017651 0.430048
-0.011868 -0.008528 0.019927
-0.004727 -0.001646 -0.011079
0.000787 0.000271 -0.001027
-0.000064 0.000107 0.000311
0.000003 -0.000012 -0.000016
38.177919 -12.657686 -0.521518
1.315782 -0.254297 1.464196
-0.028798 -0.035476 -0.004654
-0.021336 0.021392 -0.083370
0.001950 0.004998 0.001087
0.000303 -0.000274 0.001461
0.000012 -0.000165 -0.000046
-0.000007 0.000015 -0.000007
41.791084 -12.770598 1.868913
0.854675 0.519556 -0.448224
-0.036702 0.231350 -0.368362
0.018160 -0.000784 0.030406
0.000373 -0.008060 0.009357
-0.001010 -0.000173 -0.000965
-0.000144 0.000175 -0.000197
0.000034 -0.000013 0.000027
43.779418 -10.488933 -0.661553
0.824899 1.208622 -1.390542
-0.044088 -0.007169 -0.015411
-0.035607 -0.054894 0.042500
-0.007742 -0.001504 -0.005976
0.000993 0.000758 -0.000544
0.000426 -0.000044 0.000256
-0.000056 0.000006 -0.000023
44.882905 -8.371269 -3.757755
-0.169421 0.217682 -1.048442
-0.312421 -0.365822 0.098234
0.002749 -0.029184 -0.001939
0.013899 0.007044 -0.001238
0.000179 0.000903 0.000361
-0.000536 0.000064 -0.000134
0.000041 -0.000030 0.000017
43.509281 -9.498703 -5.496181
-1.012199 -1.303031 -0.706918
-0.048092 -0.303437 0.064735
0.058172 0.056975 -0.009458
-0.005071 0.011473 -0.000965
-0.002804 -0.000867 0.000164
0.000041 -0.000358 0.000101
0.000092 0.000038 -0.000018
42.108799 -11.753539 -6.397195
-0.905705 -1.716789 -0.585661
0.071816 0.035250 0.021516
-0.011584 0.089596 -0.008429
-0.014554 -0.001661 0.001445
0.001420 -0.002305 0.000263
0.000953 0.000020 -0.000078
-0.000153 0.000033 0.000006
40.787663 -14.008337 -7.265918
-0.903353 -1.060080 -0.554397
-0.083888 0.348436 0.007294
-0.028380 0.033018 0.002239
0.010617 -0.014462 0.001515
0.002623 -0.000489 -0.000142
-0.000691 0.000375 -0.000011
0.000039 -0.000025 0.000001
37.226654 -13.658847 -9.000000
-0.020183 0.567936 -0.221004
0.454009 -0.057305 0.071447
0.027167 -0.023935 0.000168
-0.015479 0.009213 -0.001408
-0.000963 0.000094 -0.000031
0.000390 -0.000326 0.000020
-0.000020 0.000031 -0.000000
40.421623 -12.567268 -9.136040
1.842369 0.291969 0.069567
0.021591 0.009776 0.015435
-0.093563 0.010807 -0.010363
0.001773 -0.003643 0.000148
0.002277 -0.000149 0.000224
-0.000008 0.000297 0.000010
-0.000029 -0.000034 -0.000004
43.934483 -11.733944 -9.000000
0.732173 0.398711 0.007714
-0.325385 0.033120 -0.023676
0.021565 0.010312 0.002967
0.014119 0.003647 0.001964
-0.001468 -0.000097 -0.000077
-0.000502 -0.000290 -0.000051
0.000093 0.000038 0.000002
44.426701 -11.048729 -9.021540
0.054012 0.590783 -0.022033
-0.121063 0.106181 0.008156
0.056504 0.017645 0.009912
-0.002311 -0.002141 0.000019
-0.001754 -0.000969 -0.000438
0.000436 0.000088 -0.000033
-0.000033 0.000007 0.000011
44.550986 -8.594961 -8.895081
0.263023 1.214802 0.123909
0.137607 0.060706 0.011147
0.014746 -0.027582 -0.014370
-0.000862 -0.000825 -0.002216
0.000361 0.001533 0.000633
-0.000171 0.000226 0.000167
0.000001 -0.000077 -0.000035
45.564802 -6.326171 -8.727206
0.888700 1.233483 0.014269
0.195008 -0.008903 -0.060322
0.000201 0.014935 -0.002807
-0.005871 0.008175 0.004492
-0.001443 -0.001330 0.000037
-0.000160 -0.000751 -0.000276
0.000102 0.000140 0.000050
47.236294 -4.480712 -8.824430
1.353385 1.353375 -0.130454
0.079963 0.087864 -0.026117
-0.058408 0.010018 0.014891
-0.010453 -0.010274 0.001336
0.001696 -0.001668 -0.000169
0.000879 0.000673 0.000229
-0.000172 -0.000055 -0.000049
48.966106 -2.603654 -9.000000
1.216317 1.531325 -0.111352
-0.189850 0.012502 0.046795
-0.063208 -0.047116 0.023986
0.009439 -0.008420 0.002254
0.002489 0.001601 -0.000117
-0.000674 0.000174 -0.000215
0.000046 -0.000029 0.000024
50.268742 0.512987 -8.445055
-0.240658 0.405765 0.690734
-0.198066 -0.369709 0.217623
0.040418 -0.006204 -0.000045
0.001041 0.012528 -0.006269
-0.001399 0.000053 0.000079
0.000193 -0.000365 0.000240
-0.000009 0.000031 -0.000025
48.718252 -0.937432 -4.779886
-0.558280 -0.977644 1.570644
0.030768 -0.017703 0.061703
0.004536 0.040662 -0.010615
-0.002771 -0.006319 0.003291
0.000297 -0.000584 -0.000407
-0.000005 0.000294 -0.000294
-0.000001 -0.000026 0.000040
47.579996 -2.985308 -0.884355
-0.440406 -0.711801 1.716061
0.006436 0.079301 -0.028301
-0.007287 -0.002415 -0.034653
-0.000097 -0.000726 -0.007486
0.000127 0.000552 0.000090
-0.000020 -0.000132 0.000365
0.000002 0.000011 -0.000032
46.000305 -4.531887 2.711044
-0.595685 -0.263423 0.010367
-0.044434 0.062620 -0.439472
-0.000801 -0.001061 0.003625
0.001265 0.000558 0.013870
0.000188 0.000411 0.000259
0.000026 0.000117 -0.000347
-0.000007 -0.000026 0.000024
44.405801 -4.764119 0.762294
-0.721233 0.122136 -1.355722
0.016490 0.141027 -0.046132
0.020320 0.029756 0.083830
0.002322 0.003478 -0.000845
-0.000287 -0.000897 -0.001853
-0.000094 -0.000304 0.000047
0.000009 0.000047 0.000009
43.307428 -3.926130 -1.358511
-0.441299 0.914682 -0.832100
0.141807 0.287282 0.290617
0.020404 0.008697 0.027692
-0.002903 -0.009575 -0.013419
-0.000696 -0.001006 -0.000796
0.000017 0.000283 0.000152
-0.000004 0.000019 0.000034
43.027476 -1.668147 -1.920605
0.116827 1.748775 0.099511
0.164756 0.164794 0.197976
-0.017392 -0.051464 -0.060096
-0.008640 -0.003239 -0.008370
-0.000774 0.002907 0.002670
-0.000032 0.000506 0.000547
0.000096 -0.000205 -0.000143
43.431236 0.975059 -1.572183
0.370003 1.933374 0.269460
-0.023059 -0.003811 -0.064782
-0.069921 -0.012179 -0.043622
-0.005735 0.012294 0.012700
0.002925 -0.001308 0.001359
0.000910 -0.001506 -0.000858
-0.000244 0.000336 0.000090
43.716494 3.502136 -1.389537
-0.047169 1.929010 -0.007593
-0.270863 0.006167 -0.105457
-0.033943 -0.003349 0.016967
0.017639 -0.008621 0.006575
0.001264 -0.001028 -0.002144
-0.001333 0.001577 -0.000032
0.000177 -0.000262 0.000046
43.176743 5.980430 -1.528504
-0.771579 1.864657 -0.167574
-0.240539 -0.069389 -0.017809
0.038133 -0.022533 0.018208
0.005744 0.004480 -0.004614
-0.002864 0.002002 -0.000771
0.000270 -0.000797 0.000386
-0.000001 0.000074 -0.000039
40.803066 9.568716 -1.894282
-1.281225 1.477228 -0.178158
-0.034702 -0.075689 -0.019087
0.007808 0.005407 -0.009735
-0.006790 -0.003534 0.000213
0.000490 -0.001098 0.000401
0.000250 0.000317 -0.000204
-0.000034 -0.000016 0.000025
37.698875 12.460901 -2.496265
-1.511036 1.009044 -0.399885
-0.077684 -0.170375 -0.080986
-0.002031 -0.024563 -0.011506
0.004105 0.001654 -0.000742
0.000221 0.001431 0.000328
-0.000290 0.000057 0.000193
0.000033 -0.000034 -0.000027
34.195860 13.693846 -3.807991
-1.742631 0.155127 -0.861547
-0.016930 -0.159126 -0.108612
0.010819 0.040353 0.014702
-0.002066 0.009167 0.006747
-0.000339 -0.001099 0.000231
0.000202 -0.000454 -0.000208
-0.000020 0.000067 0.000004
30.680239 13.782836 -5.753651
-1.743666 0.153919 -0.921197
0.006587 0.152162 0.114184
0.002064 0.034316 0.046920
0.001166 -0.010301 -0.002321
0.000425 -0.000879 -0.001914
-0.000075 0.000491 -0.000148
0.000001 -0.000048 0.000057
27.057095 14.915608 -6.878246
-1.618082 0.877697 -0.085643
0.070442 0.113912 0.173085
0.017734 -0.032911 -0.047075
0.001063 -0.002465 -0.013537
-0.000397 0.000836 0.001606
-0.000053 -0.000222 0.000699
0.000011 0.000026 -0.000101
24.332203 16.772110 -6.855319
-1.151287 0.911635 -0.143828
0.163128 -0.102408 -0.197469
0.008737 -0.039907 -0.040783
-0.003056 -0.000172 0.015463
-0.000183 0.000325 0.001788
0.000090 0.000134 -0.000668
-0.000007 -0.000016 0.000044
22.302654 17.530540 -9.000000
-0.208280 -0.656570 -0.721641
0.095858 -0.292627 0.200811
-0.014238 0.019871 0.064559
0.000283 0.007477 -0.007931
0.000137 -0.000474 -0.001640
-0.000057 -0.000217 0.000308
0.000009 0.000023 -0.000012
22.177998 14.416140 -8.846538
0.031366 -1.462327 0.898594
0.003247 -0.007338 0.273946
-0.007795 0.026422 -0.040198
0.001761 -0.006322 -0.005420
0.000509 -0.000520 0.001446
0.000104 0.000212 0.000086
-0.000060 0.000009 -0.000042
22.217591 12.340661 -7.113623
0.024366 -1.397143 1.404982
0.005700 0.027420 0.075700
0.010118 -0.006753 -0.042527
0.002365 -0.002464 0.003313
-0.001219 0.001728 0.000365
-0.000503 0.000307 -0.000336
0.000134 -0.000103 0.000059
22.284564 10.513245 -5.198328
0.089145 -1.352435 1.411244
0.030565 0.020491 -0.060995
-0.007900 0.013969 -0.027798
-0.008050 0.008721 0.001668
-0.000245 0.000356 -0.000130
0.000747 -0.000651 0.000212
-0.000109 0.000081 -0.000034
22.425123 8.597292 -3.282344
0.034656 -1.086126 1.060666
-0.084465 0.179256 -0.157909
-0.030485 0.044680 -0.012036
0.002531 -0.001139 0.003905
0.001265 -0.001637 0.000176
-0.000416 0.000214 -0.000145
0.000041 -0.000009 0.000015
21.926064 7.446629 -1.796221
-0.577648 0.091301 0.378324
-0.178560 0.333499 -0.144579
-0.002792 -0.003376 0.011496
0.001550 -0.007262 0.000899
-0.000216 0.000172 -0.000313
0.000178 0.000076 0.000067
-0.000018 -0.000005 -0.000005
18.554839 10.240793 -1.629773
-1.481880 1.374914 -0.141920
-0.040856 0.012703 -0.019631
0.044570 -0.047701 0.015020
0.005579 0.001159 0.000099
-0.000433 0.000596 -0.000147
-0.000202 -0.000030 -0.000049
0.000018 -0.000001 0.000005
15.141163 13.606018 -1.836009
0.148051 0.224753 0.095114
0.393719 -0.220520 0.025784
-0.012012 0.013209 -0.017491
-0.012080 0.004880 -0.003707
0.000051 -0.000248 0.000174
0.000247 -0.000049 0.000079
-0.000017 0.000003 -0.000005
19.325619 12.609484 -3.461809
0.301590 0.016265 -1.252568
-0.320194 0.151347 -0.211299
-0.000390 0.003504 0.023857
0.010248 -0.005461 0.007139
-0.000733 -0.000132 -0.000073
-0.000303 0.000057 -0.000096
0.000042 0.000005 -0.000003
18.730753 13.214393 -6.601367
-0.772796 0.496245 -1.600342
-0.175350 0.042198 0.082205
0.026591 -0.034101 0.061106
-0.003696 -0.001783 -0.000490
-0.000744 0.000986 -0.001489
0.000301 0.000124 -0.000133
-0.000028 -0.000030 0.000039
16.708664 14.091692 -9.000000
-1.273856 0.302461 -0.719996
-0.110471 -0.115393 0.312070
0.000071 -0.007595 0.001086
-0.001045 0.007141 -0.012570
0.000558 0.000069 0.000013
-0.000077 -0.000282 0.000392
0.000007 0.000028 -0.000035
12.775447 14.239304 -9.239774
-1.820496 -0.075082 0.248652
-0.091906 -0.000480 0.004949
0.010254 0.017471 -0.047905
0.002575 -0.003358 0.005633
0.000330 -0.000484 0.001310
0.000047 0.000209 -0.000221
-0.000016 -0.000018 0.000008
8.620336 14.171942 -8.997513
-1.934823 0.024697 -0.085010
0.077347 0.020430 -0.081113
0.044950 -0.005897 0.022978
0.003833 -0.000441 0.007185
-0.000611 0.000439 -0.000765
-0.000193 -0.000066 -0.000102
0.000021 0.000003 0.000012
4.783326 14.301744 -9.000000
-0.241553 0.038018 0.443075
0.393048 -0.001915 0.245716
-0.011593 0.001561 0.018009
-0.011976 0.000142 -0.006926
-0.000145 -0.000166 -0.000338
0.000245 -0.000001 0.000148
-0.000011 0.000002 -0.000009
6.030467 14.399861 -6.339902
0.854078 0.037334 1.583464
-0.045542 -0.006902 0.136264
-0.078608 -0.004685 -0.038258
0.003308 -0.000814 -0.002101
0.002111 0.000109 0.000717
0.000055 0.000037 -0.000008
-0.000040 -0.000006 -0.000004
7.039543 14.410152 -3.218424
0.089567 -0.046300 1.683450
-0.288974 -0.038637 -0.075827
0.007895 -0.004695 -0.032159
0.016855 0.000804 0.003170
-0.000101 0.000104 0.000331
-0.000457 -0.000038 -0.000062
0.000035 0.000003 0.000003
5.998651 13.741074 0.844560
0.104041 -0.345089 0.642024
0.341660 -0.037126 -0.150640
0.033669 0.002712 0.014245
-0.015175 0.000213 0.002177
-0.000859 0.000076 -0.000210
0.000382 0.000036 0.000009
-0.000022 -0.000006 -0.000002
8.686307 12.605359 1.857240
1.531377 -0.432907 0.259995
0.008811 0.021522 0.022722
-0.084198 0.013920 0.022352
-0.000071 0.001086 -0.001028
0.001891 -0.000252 -0.000355
-0.000047 -0.000075 -0.000026
-0.000010 0.000009 0.000007
11.470046 11.868979 3.068550
0.154308 -0.029631 0.695224
-0.370066 0.100049 0.087860
0.017189 -0.005248 -0.012549
0.013551 -0.004098 -0.003953
-0.000392 -0.000025 0.000280
-0.000233 0.000103 0.000104
0.000017 -0.000007 -0.000010
9.658576 12.245051 5.998538
0.049065 -0.135451 0.500523
0.357869 -0.129798 -0.073092
0.024925 -0.006549 0.014682
-0.012132 0.004170 0.004634
-0.000256 0.000045 -0.000532
0.000244 -0.000097 -0.000172
-0.000016 0.000007 0.000019
13.557625 10.466927 7.664544
1.765004 -0.748237 0.623681
0.004595 -0.014908 0.022268
-0.050627 0.012283 -0.031293
0.004385 -0.002048 -0.008029
0.000882 -0.000172 0.000622
-0.000134 0.000076 0.000284
0.000004 -0.000006 -0.000030
17.713470 8.443696 8.626299
1.146914 -0.716813 -0.268998
-0.134305 0.004149 -0.327063
0.015581 -0.003122 -0.015922
0.003979 0.000013 0.010564
-0.000755 0.000169 0.000502
-0.000066 -0.000035 -0.000299
0.000012 0.000002 0.000022
20.450183 6.296967 5.316166
0.849645 -0.743665 -1.639425
-0.002621 -0.007110 -0.022114
-0.006233 0.000539 0.056990
-0.005236 0.000215 -0.001410
0.000228 0.000011 -0.000776
0.000176 0.000017 0.000155
-0.000018 -0.000004 -0.000014
22.506798 4.084696 1.549536
0.377814 -0.739117 -0.584972
-0.154966 0.014268 0.317626
-0.004564 0.003352 0.014535
0.005299 -0.000589 -0.005480
0.000138 -0.000336 -0.000643
-0.000186 -0.000056 -0.000140
0.000018 0.000019 0.000038
22.714863 2.830536 1.520316
-0.104031 -0.688547 0.514352
-0.093069 0.000994 0.250212
0.022823 -0.011162 -0.046530
0.001304 -0.002607 -0.010297
-0.000646 0.000286 0.000388
0.000038 0.000174 0.000334
0.000000 -0.000021 -0.000030
22.179520 0.583510 3.462119
-0.128291 -0.981439 0.260933
0.055612 -0.067049 -0.345027
0.004337 0.013902 -0.048633
-0.002854 0.005707 0.011299
0.000084 -0.000281 0.000972
0.000048 -0.000241 -0.000266
-0.000004 0.000025 0.000014
22.259107 -2.556705 0.161116
0.090582 -0.644726 -1.906158
-0.010705 0.116598 -0.080973
-0.008152 -0.012743 0.075969
0.000766 -0.006871 0.001922
0.000003 0.000726 -0.000953
-0.000056 0.000341 0.000074
0.000009 -0.000061 -0.000019
22.346840 -3.332369 -2.626370
0.011760 -0.444580 -1.630882
-0.039831 0.006970 0.257944
-0.005698 -0.025318 0.067630
-0.000062 0.002938 -0.004985
-0.000086 0.000926 -0.001184
0.000036 -0.000297 -0.000125
0.000000 0.000026 0.000035
22.159079 -4.348660 -4.437387
-0.221180 -0.600024 -0.030149
-0.073941 -0.053702 0.441586
-0.003701 0.002644 -0.021206
0.001311 0.001716 -0.014426
0.000362 -0.000414 0.000329
0.000038 0.000076 0.000375
-0.000011 -0.000007 -0.000036
21.306816 -5.903892 -2.836765
-0.500707 -0.756355 1.116678
-0.017785 -0.010552 0.000875
0.024780 0.008109 -0.081573
0.003784 0.000037 0.003235
-0.000317 -0.000129 0.001558
-0.000139 -0.000033 -0.000192
0.000011 0.000006 0.000007
20.421278 -7.735434 -1.078197
-0.020870 -0.690629 0.012287
0.201331 0.023940 -0.343657
0.015486 -0.001960 -0.002682
-0.006895 -0.001546 0.008696
-0.000915 0.000123 -0.000368
0.000059 0.000067 -0.000067
0.000014 -0.000007 0.000004
21.608945 -9.447337 -3.085857
0.718838 -0.654143 -1.342195
-0.043220 -0.004307 -0.112257
-0.074564 0.002403 0.045563
-0.003974 0.002428 -0.000483
0.002044 0.000144 -0.000853
0.000320 -0.000065 0.000005
-0.000071 0.000000 0.000014
22.294985 -10.705015 -5.866032
-0.269910 -0.567720 -1.323855
-0.392616 0.063713 0.091160
-0.014122 0.017395 0.016566
0.015821 0.000120 -0.004816
-0.000005 -0.000601 0.000363
-0.000664 -0.000060 0.000199
0.000079 0.000018 -0.000034
20.538464 -11.438403 -7.934574
-1.527880 -0.190264 -0.902704
-0.228194 0.122148 0.126637
0.051216 -0.002565 0.004615
-0.000675 -0.004634 0.001234
-0.001688 -0.000013 0.000143
0.000360 0.000167 -0.000239
-0.000032 -0.000018 0.000031
17.824959 -11.475844 -9.000000
-1.907631 0.106202 -0.468583
-0.038631 0.055016 0.156177
0.027088 -0.022700 0.004309
-0.004965 -0.001076 -0.002179
0.000042 0.000647 -0.000517
0.000016 -0.000024 0.000096
0.000004 0.000000 -0.000004
13.595904 -11.211556 -9.295178
-1.882283 0.040164 0.156219
0.010383 -0.065122 0.094427
-0.007746 -0.005277 -0.023147
-0.001701 0.004524 -0.002495
0.000698 0.000381 0.000314
0.000083 -0.000016 0.000030
-0.000018 -0.000013 0.000000
9.418520 -11.374314 -8.779337
-1.928512 -0.100763 0.174911
-0.006141 0.052478 -0.087031
0.013954 0.038835 -0.023493
0.005255 0.002651 0.003147
-0.000050 -0.001164 0.000712
-0.000196 -0.000218 0.000031
0.000018 0.000037 -0.000015
5.197383 -10.856655 -9.000000
-1.532107 0.690406 -0.353189
0.195964 0.220781 -0.067059
0.029619 -0.016094 0.036609
-0.003135 -0.012088 0.007244
-0.000691 0.000051 -0.000583
0.000105 0.000391 -0.000216
-0.000003 -0.000032 0.000020
2.839651 -7.711949 -9.000000
0.150682 0.447414 0.887692
0.183157 -0.285730 0.337571
-0.025683 -0.012955 -0.010963
-0.000831 0.012706 -0.012283
0.000692 0.000108 0.000043
0.000028 -0.000386 0.000276
-0.000011 0.000035 -0.000021
3.865425 -8.035569 -5.610332
0.641879 -0.551951 1.759717
0.061013 -0.073013 -0.035284
-0.000385 0.050104 -0.074878
0.004779 -0.001742 0.001268
-0.000116 -0.001318 0.001539
-0.000145 0.000179 -0.000060
0.000012 -0.000007 -0.000008
5.595457 -9.139020 -2.653763
1.041438 -0.339636 0.771718
0.144480 0.121404 -0.356385
0.015950 0.004894 -0.011109
-0.002145 -0.005947 0.010948
-0.000782 0.000304 0.000021
0.000041 0.000073 -0.000177
0.000004 -0.000007 0.000012
10.265428 -9.296516 -3.108458
1.873410 0.071838 -0.675961
0.019375 -0.022347 -0.002209
-0.048712 -0.017600 0.058816
-0.004513 0.002382 -0.002061
0.000723 0.000340 -0.000948
0.000122 -0.000070 0.000072
-0.000013 0.000003 -0.000000
14.804170 -9.632244 -3.683498
0.240962 -0.243065 0.611501
-0.383881 -0.007936 0.222728
0.011115 0.015298 -0.023510
0.011105 0.000658 -0.005594
0.000003 -0.000259 0.000535
-0.000191 0.000012 0.000071
0.000011 0.000000 -0.000007
12.507922 -9.639659 0.380586
-0.044984 0.446585 0.638647
0.358231 0.127966 -0.134037
0.025195 0.001350 0.007173
-0.011713 -0.000598 0.005166
-0.000601 0.000191 -0.000536
0.000146 0.000022 -0.000152
0.000003 -0.000007 0.000020
14.862226 -7.463633 1.431665
1.494381 1.175416 0.259221
0.055101 0.148270 -0.016029
-0.081611 0.005195 0.001276
-0.001458 -0.000207 -0.004800
0.002286 -0.000479 0.000107
0.000209 -0.000105 0.000231
-0.000066 0.000020 -0.000025
17.326084 -4.779659 1.816841
0.970930 1.733654 0.121896
-0.275790 0.133629 -0.071385
-0.015185 -0.017658 -0.011820
0.015856 -0.005608 0.002383
-0.000087 -0.000224 0.000849
-0.000639 0.000151 -0.000097
0.000073 -0.000007 -0.000001
18.264092 -0.978329 1.736760
0.092929 1.881719 -0.181473
-0.095648 -0.095894 -0.039763
0.046471 -0.051504 0.025591
-0.003129 -0.000786 0.004827
-0.001616 0.000969 -0.000384
0.000386 0.000046 -0.000107
-0.000026 -0.000012 0.000009
18.513113 2.590632 1.761272
0.209664 0.234821 0.523806
0.052691 -0.345804 0.264305
-0.002332 0.016872 0.017575
-0.000025 0.008636 -0.006630
0.000390 -0.000465 -0.000570
-0.000163 -0.000206 0.000086
0.000013 0.000020 0.000001
19.578566 1.078396 5.659821
0.450177 -0.837924 1.768097
0.004255 0.002379 0.009687
-0.017810 0.022915 -0.065182
-0.003389 -0.007273 -0.002581
0.000045 -0.000318 0.001148
0.000125 0.000222 0.000102
-0.000009 -0.000016 -0.000018
20.325886 -1.178964 9.327844
-0.139333 -0.849254 0.444438
-0.214232 -0.071145 -0.378924
-0.016933 -0.020107 0.002448
0.004887 0.002220 0.011505
0.000616 0.000778 -0.000158
-0.000057 -0.000092 -0.000256
-0.000002 0.000001 0.000021
17.965931 -4.669666 8.030482
-1.202440 -1.395783 -0.849690
-0.010733 -0.024854 0.023255
0.059812 0.030102 0.045993
0.003820 0.002256 -0.005934
-0.000918 -0.000705 -0.000780
-0.000111 -0.000070 0.000188
0.000015 0.000012 -0.000010
15.900919 -8.240499 6.388112
0.260696 -0.828626 -0.209220
0.425580 0.156542 0.087942
0.007045 -0.007954 -0.021259
-0.010980 -0.006206 -0.001669
-0.000194 0.000310 0.000762
0.000192 0.000185 -0.000014
-0.000012 -0.000018 -0.000004
20.146254 -9.927589 5.986271
1.961179 -0.478567 -0.173449
-0.011477 -0.033476 -0.020582
-0.070891 -0.001256 0.010932
0.001675 0.006813 0.004010
0.001002 0.000134 -0.000307
-0.000065 -0.000204 -0.000100
-0.000001 0.000015 0.000010
24.468346 -11.256864 5.881155
0.182717 0.010137 0.328164
-0.361414 0.211182 0.148036
0.013343 0.016278 0.000613
0.006609 -0.005850 -0.004154
-0.000468 -0.000442 0.000182
-0.000080 0.000147 0.000148
0.000008 -0.000008 -0.000016
21.969069 -8.887750 8.457583
-1.213709 1.105020 1.066097
-0.025587 0.005472 0.085431
0.025610 -0.038542 0.008501
-0.003464 0.000544 0.002819
0.000007 0.000477 -0.000681
0.000126 -0.000058 -0.000231
-0.000011 0.000007 0.000039
19.253016 -6.735828 11.507675
-1.052906 0.589217 1.590618
0.080217 -0.201072 0.104978
0.013736 -0.015375 -0.020374
0.001813 0.004393 -0.006813
0.000479 0.000446 0.000476
-0.000058 0.000054 0.000398
-0.000014 -0.000034 -0.000057
17.829799 -6.339565 14.244654
-0.641554 -0.095611 1.689865
0.187000 -0.189807 -0.053676
0.029766 0.021253 -0.031787
0.001304 0.005043 0.004300
-0.000864 -0.000912 0.001215
-0.000218 -0.000332 -0.000246
0.000043 0.000062 0.000005
17.484364 -7.035159 17.136919
0.361483 -0.538175 1.300907
0.305622 -0.054164 -0.103403
-0.002024 0.009121 0.013418
-0.008267 -0.006648 0.003597
-0.000023 0.000068 -0.001238
0.000364 0.000503 -0.000181
-0.000043 -0.000062 0.000043
19.705420 -8.571681 19.747543
1.424381 -0.825942 1.015039
0.122053 -0.067104 -0.065361
-0.032682 0.012866 -0.021191
0.002119 0.007564 -0.006920
0.000257 0.000120 0.000971
-0.000323 -0.000495 0.000502
0.000041 0.000057 -0.000074
22.836857 -10.302776 21.297394
1.563110 -0.753557 0.410868
-0.054534 0.122072 -0.210155
-0.034418 0.030231 0.002005
-0.003223 -0.005205 0.012221
-0.000143 -0.001035 0.000707
0.000257 0.000305 -0.000546
-0.000022 -0.000020 0.000042
25.940626 -11.151137 21.536913
0.205453 0.145318 0.207073
-0.373205 0.104913 0.204230
-0.010244 -0.017727 0.039208
0.008809 0.001347 -0.010765
0.000461 0.000709 -0.001271
-0.000189 -0.000108 0.000322
0.000008 0.000003 -0.000013
23.862566 -10.136377 23.873755
-1.382692 0.556697 1.223782
-0.082280 0.087978 -0.009997
0.059346 0.012392 -0.068635
-0.000807 0.000876 -0.000698
-0.001355 -0.000603 0.001941
-0.000025 -0.000047 0.000056
0.000021 0.000008 -0.000032
21.193523 -8.584549 25.780155
-1.130929 1.030368 0.492655
0.153955 0.129381 -0.291156
0.006581 -0.007612 -0.005754
-0.010022 -0.005711 0.013132
0.000087 -0.000495 -0.000060
0.000266 0.000065 -0.000391
-0.000021 0.000012 0.000039
19.502860 -6.250197 25.767489
-0.709953 1.260146 -0.371595
0.017288 -0.058770 -0.093676
-0.039462 -0.055272 0.056270
0.000455 -0.003918 0.000551
0.001532 0.001170 -0.001512
-0.000017 0.000222 0.000141
-0.000023 -0.000036 -0.000003
17.672865 -4.363623 25.044975
-1.033988 0.198963 -0.074344
-0.096842 -0.374897 0.179785
0.016761 -0.015173 0.015308
0.007505 0.011495 -0.006868
-0.001039 0.000366 0.000080
-0.000370 -0.000343 0.000099
0.000054 0.000029 -0.000009
14.822597 -6.098097 26.019902
-1.058537 -1.336536 0.750724
0.038802 -0.133762 0.085471
-0.017484 0.054692 -0.029322
-0.010597 -0.000609 -0.001129
0.000660 -0.000949 0.000430
0.000592 0.000171 -0.000054
-0.000078 -0.000015 0.000007
12.724185 -8.776585 27.551482
-1.287551 -1.309255 0.748345
-0.170294 0.125939 -0.084101
-0.028322 0.032445 -0.026708
0.009065 -0.003917 0.001637
0.001487 -0.000122 0.000318
-0.000448 -0.000027 0.000034
0.000031 0.000013 -0.000003
9.771202 -10.588855 28.497961
-1.933087 -0.631731 0.238831
-0.116303 0.219009 -0.173946
0.044898 0.001834 -0.001502
0.007029 -0.003567 0.005536
-0.001211 0.000506 0.000469
-0.000048 0.000142 -0.000006
0.000007 -0.000037 -0.000022
6.600034 -11.048210 28.469483
-1.887604 0.045266 -0.225977
0.154183 0.199507 -0.082527
0.056633 -0.004977 0.040373
-0.003450 0.000583 0.005922
-0.001280 -0.000135 -0.000762
0.000034 -0.000276 -0.000250
0.000013 0.000040 0.000034
3.747310 -10.152158 28.071941
-0.744964 0.774947 0.054013
0.323675 0.127224 0.211481
-0.012177 -0.029368 0.034373
-0.010334 -0.006207 -0.007391
0.000356 0.000017 -0.000774
0.000229 0.000300 0.000249
-0.000020 -0.000025 -0.000017
3.466954 -7.821216 30.384162
0.134345 0.402014 1.405814
-0.066356 -0.231855 0.128781
-0.036687 -0.013537 -0.039038
0.007325 0.010420 -0.001997
0.000805 0.000643 0.000419
-0.000179 -0.000230 -0.000115
0.000003 0.000005 0.000021
3.358044 -7.822964 33.131283
-0.273630 -0.317855 1.450888
-0.100284 -0.093834 -0.110365
0.022947 0.058201 -0.045638
0.006252 0.005917 0.000470
-0.000980 -0.001501 0.000601
-0.000146 -0.000161 0.000148
0.000026 0.000028 -0.000022
2.540404 -8.242798 35.447292
-0.195192 0.315698 0.258817
0.118527 0.292325 -0.300666
0.014197 0.013449 0.011537
-0.005765 -0.012470 0.009841
0.000119 -0.000278 -0.000019
0.000295 0.000326 -0.000232
-0.000037 -0.000023 0.000017
2.845725 -5.881825 34.737958
0.433655 1.346539 -0.525646
0.124866 0.027743 0.047806
0.005916 -0.058559 0.059061
0.003368 0.001833 -0.003011
-0.000234 0.001572 -0.001332
-0.000342 -0.000078 0.000056
0.000051 -0.000013 0.000014
4.113669 -3.638326 34.239601
0.989627 0.981141 0.102757
0.175303 -0.179237 0.245064
0.001086 -0.007311 0.004691
-0.004906 0.009513 -0.009504
-0.000376 -0.000193 0.000225
0.000316 -0.000244 0.000229
-0.000034 0.000022 -0.000023
7.372429 -2.151632 35.702544
1.622270 0.401284 0.951428
0.061804 -0.014016 0.057054
-0.019747 0.030919 -0.036563
0.001433 -0.003274 0.002040
0.000053 -0.001047 0.000782
-0.000257 0.000125 -0.000151
0.000035 -0.000000 0.000009
11.014755 -1.134889 37.739928
1.625974 0.563877 0.813602
-0.071794 0.028431 -0.085009
-0.030250 -0.021703 -0.005976
-0.003593 -0.005875 0.002974
0.000190 0.000558 -0.000318
0.000278 0.000120 -0.000017
-0.000026 -0.000012 0.000003
14.417611 -0.145282 39.525505
0.133490 -0.340920 0.273640
-0.252625 -0.258204 -0.069293
0.036704 -0.001105 -0.001224
0.011573 0.007463 -0.001194
-0.000497 0.000039 0.000065
-0.000345 -0.000171 0.000055
0.000031 0.000012 -0.000005
14.524929 -3.863630 39.446426
0.752200 -1.243313 -0.335539
0.333360 0.058064 -0.073046
-0.005804 0.022288 0.010133
-0.013835 -0.005176 0.001794
0.000653 -0.000254 -0.000244
0.000450 0.000145 -0.000083
-0.000052 -0.000011 0.000010
18.166217 -6.538702 38.296132
1.751664 -0.831626 -0.476664
0.019763 0.050200 0.004310
-0.031337 -0.014833 -0.000647
0.008055 -0.000349 -0.003596
0.000255 0.000498 -0.000116
-0.000501 -0.000048 0.000099
0.000059 0.000000 -0.000003
22.198517 -8.396297 37.084663
1.636639 -0.804240 -0.634273
-0.040921 -0.022934 -0.094801
-0.008134 -0.002753 -0.018833
-0.003420 0.001640 0.001697
0.000108 -0.000150 0.000882
0.000480 -0.000044 0.000042
-0.000072 0.000015 -0.000020
24.898773 -9.892369 35.594666
1.379695 -0.883502 -1.065365
-0.097938 -0.015953 -0.115042
-0.000438 0.004514 0.018699
0.006156 0.001193 0.007678
0.000488 0.000379 0.000041
-0.000408 0.000143 -0.000201
0.000044 -0.000040 0.000009
27.164560 -11.514673 33.449637
1.156348 -0.838313 -1.129417
0.003732 0.063349 0.115215
0.028026 0.027949 0.055195
-0.000562 0.003312 -0.000139
-0.000928 -0.000853 -0.001536
0.000151 -0.000367 -0.000086
-0.000011 0.000062 0.000031
30.002089 -12.750154 32.025845
1.488463 -0.171133 0.001393
0.114432 0.190230 0.314820
0.000782 -0.012523 -0.013857
-0.004036 -0.009741 -0.011620
-0.000088 0.000611 0.000534
-0.000025 0.000587 0.000397
0.000011 -0.000075 -0.000045
34.171553 -12.424958 33.395152
1.814250 0.269573 0.849791
-0.029748 0.015261 0.006291
-0.037416 0.006202 -0.035500
-0.001756 0.012020 0.007680
0.000918 -0.000158 0.000780
0.000162 -0.000692 -0.000364
-0.000029 0.000077 0.000029
37.951546 -11.249857 35.291729
1.089280 0.896576 0.684976
-0.198184 0.240271 -0.004553
0.012506 0.007232 0.016401
0.009120 -0.012491 -0.000580
-0.000403 -0.000488 -0.000864
-0.000340 0.000648 0.000142
0.000034 -0.000069 -0.000009
39.547558 -8.633915 36.739016
0.656083 1.598329 0.798453
0.003881 0.055243 0.038944
0.034186 -0.047185 -0.005027
-0.005711 0.002159 -0.003228
-0.001628 0.001517 0.000082
0.000135 -0.000312 0.000016
0.000017 0.000020 0.000005
40.896355 -5.738102 38.283429
0.803754 1.426645 0.817408
0.004511 -0.111919 -0.044988
-0.039859 -0.010502 -0.022008
-0.010121 0.004650 -0.000529
0.001075 -0.000493 0.000620
0.000352 -0.000050 0.000080
-0.000044 0.000010 -0.000017
42.097977 -2.998716 39.719379
-0.131113 0.874042 0.311480
-0.381500 -0.103101 -0.125007
-0.029071 0.003592 0.010732
0.011918 -0.000738 0.005536
0.000847 -0.000008 -0.000297
-0.000383 0.000117 -0.000208
0.000029 -0.000013 0.000022
39.316005 -1.390885 40.038919
-1.864972 0.418429 0.095593
-0.175649 -0.061373 0.042036
0.063833 0.014858 0.011791
0.002364 0.002931 -0.005657
-0.001015 -0.000016 -0.000452
0.000140 -0.000118 0.000188
-0.000016 0.000011 -0.000011
35.746343 -0.717357 40.356809
-1.858290 0.400352 0.224437
0.173771 0.061770 -0.006331
0.058139 0.025727 -0.025749
-0.003327 -0.000707 -0.002720
-0.000613 -0.000527 0.000853
-0.000066 0.000024 0.000052
0.000013 0.000000 -0.000013
32.924072 0.897812 40.483887
-0.316854 1.027835 -0.253327
0.381206 0.162003 -0.163568
-0.012546 -0.004608 -0.003305
-0.010156 -0.004873 0.005736
-0.000003 -0.000162 0.000028
0.000150 0.000026 -0.000167
-0.000005 0.000006 0.000013
33.840173 4.003759 39.091331
0.797843 1.452839 -0.831179
0.015179 -0.033226 -0.048688
-0.074837 -0.046462 0.023218
-0.000104 -0.001958 -0.001664
0.001503 0.000882 -0.000764
0.000063 0.000122 0.000054
-0.000023 -0.000020 0.000005
34.927788 6.669230 37.044327
-0.171372 0.567376 -0.849657
-0.326617 -0.285896 -0.008775
0.000855 -0.004282 -0.015842
0.012291 0.009549 -0.003800
-0.000339 0.000257 0.000602
-0.000320 -0.000209 0.000136
0.000032 0.000011 -0.000020
32.597950 6.502612 34.272316
-1.228524 -0.398583 -1.324653
-0.006700 0.017617 -0.137707
0.041559 0.056289 0.002906
-0.005495 -0.002133 0.005131
-0.000651 -0.001398 -0.000337
0.000282 0.000005 -0.000252
-0.000024 0.000020 0.000044
30.356480 6.149605 31.163025
-0.941856 0.175728 -1.731360
0.110428 0.207235 -0.054794
0.003460 -0.004358 0.015111
-0.001717 -0.010133 -0.000902
0.000751 0.000360 0.000367
-0.000048 0.000288 0.000369
-0.000004 -0.000032 -0.000067
28.990358 7.078877 27.814161
-0.495231 0.692870 -1.746087
0.132800 0.029212 0.072555
0.009175 -0.043539 0.041282
0.001954 0.001101 0.006566
-0.000063 0.001226 -0.000446
-0.000096 -0.000135 -0.000513
0.000007 0.000003 0.000058
28.833372 8.475694 24.613918
0.465099 0.220877 -0.389003
0.225254 -0.135263 0.375735
0.002738 0.008325 -0.009358
-0.004147 0.004975 -0.015347
-0.000506 -0.000501 -0.000059
0.000040 -0.000084 0.000562
0.000005 0.000011 -0.000054
31.321500 8.437855 25.374451
1.322199 -0.115298 0.573223
0.037529 0.011637 -0.071225
-0.051152 0.015054 -0.063107
-0.003501 -0.003150 0.007413
0.000855 -0.000263 0.001154
0.000137 0.000115 -0.000404
-0.000020 -0.000009 0.000033
33.972126 8.328849 25.744001
0.606156 0.026347 -0.405384
-0.298594 0.017768 -0.254860
-0.020781 -0.008465 0.001750
0.008967 -0.000508 0.002575
0.000422 0.000359 -0.000612
-0.000197 -0.000028 0.000158
0.000011 0.000000 -0.000011
32.532478 8.315543 20.962220
-0.856622 -0.071089 -1.821909
0.044482 -0.008312 -0.032031
0.040315 0.007053 0.045988
-0.004559 0.000783 0.003902
-0.000693 -0.000189 -0.000391
0.000100 -0.000019 -0.000139
-0.000003 0.000003 0.000012
30.888390 8.316975 16.328009
-0.083127 0.116441 0.091443
-0.024272 0.014988 0.372239
-0.040401 -0.011306 -0.022483
-0.000827 -0.001738 -0.010316
0.000760 0.000223 0.000284
0.000022 0.000054 0.000196
-0.000007 -0.000005 -0.000013
28.650202 8.310077 19.224703
-1.380355 -0.246337 0.703754
-0.193952 -0.070831 -0.216608
0.029501 0.011171 -0.026570
0.006378 0.003749 0.011668
-0.000573 -0.000131 0.000914
-0.000144 -0.000086 -0.000138
0.000015 0.000006 -0.000019
25.592341 7.704905 19.764110
-1.676637 -0.310923 -0.054280
0.052764 0.051449 -0.089395
0.044379 0.025918 0.067513
-0.003254 -0.000683 0.008307
-0.001073 -0.000645 -0.002102
0.000057 -0.000004 -0.000391
0.000011 0.000010 0.000072
22.600603 7.482894 19.943279
-1.067754 0.168762 0.522790
0.172279 0.144061 0.310088
-0.012728 -0.002582 0.020679
-0.007189 -0.004534 -0.016153
0.000669 0.000222 -0.000265
0.000218 0.000141 0.000681
-0.000029 -0.000017 -0.000069
20.659433 8.604714 22.904772
-0.683669 0.651135 1.674349
-0.017903 0.039307 0.081456
-0.015303 -0.013280 -0.039618
0.005718 0.002285 0.006635
0.000207 0.000187 0.001083
-0.000281 -0.000145 -0.000498
0.000029 0.000014 0.000041
19.262101 9.919490 26.197060
-0.779082 0.714485 1.747198
-0.006794 0.004714 -0.002050
0.010512 -0.002813 0.000580
-0.000453 -0.000500 -0.000037
-0.000766 -0.000428 -0.001444
0.000110 0.000037 0.000054
-0.000006 0.000004 0.000020
17.814600 11.254876 29.469332
-0.738997 0.667754 1.666380
0.009587 -0.041851 -0.076737
-0.007921 -0.015098 -0.034986
-0.003104 -0.001600 -0.005970
0.000066 0.000298 0.000704
0.000036 0.000091 0.000325
0.000001 -0.000012 -0.000040
15.901313 12.389196 32.441746
-0.969918 0.195432 0.584598
-0.124628 -0.139681 -0.343434
-0.022134 -0.002307 -0.009098
0.001540 0.003971 0.010964
0.000769 0.000148 0.000499
0.000061 -0.000112 -0.000353
-0.000016 0.000008 0.000025
11.232600 11.882109 31.524462
-1.836990 -0.338491 -0.714893
-0.005177 0.008946 0.029171
0.058834 0.018695 0.044052
0.005276 -0.002001 -0.006180
-0.001425 -0.000345 -0.000825
-0.000290 0.000060 0.000215
0.000043 -0.000002 -0.000011
