PIECE NUM :214, DURATION :533.249326s.
POSITION COEFFICIENT [X, Y, Z]
ROWS :1712, COLS :3.
0.448813 -0.189418 -3.999186
0.000000 0.000000 0.000000
0.000000 0.000000 0.000000
0.000000 0.000000 0.000000
-0.008337 -0.011404 -0.038198
0.003216 0.004172 0.011422
-0.000379 -0.000499 -0.001185
0.000014 0.000020 0.000042
0.897626 -0.378836 -7.998373
0.633439 0.282258 -0.557666
0.161056 0.074393 0.306406
-0.015307 -0.030425 0.013053
-0.007303 -0.008196 -0.015192
0.000247 0.000653 0.000115
0.000208 0.000296 0.000534
-0.000018 -0.000031 -0.000050
3.548887 -0.135605 -7.373504
0.653086 -0.539052 0.571185
-0.151099 -0.256626 0.022515
-0.012233 0.013423 -0.003917
0.008325 0.012749 0.011171
0.000450 -0.000214 -0.000398
-0.000186 -0.000387 -0.000587
0.000008 0.000034 0.000066
4.513327 -3.016169 -4.912003
0.293467 -0.773598 1.149380
0.138231 0.206980 0.094355
0.047558 0.028747 -0.040259
-0.003736 -0.011271 -0.010580
-0.001487 -0.000594 0.002083
-0.000021 0.000346 0.000853
0.000034 -0.000021 -0.000161
5.682443 -3.689219 -2.841993
1.085585 -0.014084 1.023271
0.246806 0.156763 -0.136310
-0.016664 -0.038555 -0.009704
-0.011218 -0.004136 0.016745
0.000568 0.001738 0.000466
0.000405 0.000090 -0.001155
-0.000049 -0.000044 0.000143
7.956981 -3.472850 -1.477581
1.604006 0.180111 0.746792
0.043374 -0.023073 0.014402
-0.051729 -0.022666 0.047118
0.002099 0.006918 -0.003784
0.001815 0.000174 -0.002899
-0.000149 -0.000411 0.000464
-0.000010 0.000052 -0.000013
11.258097 -3.292125 0.539148
1.293619 -0.020847 1.125657
-0.107080 -0.041689 0.056380
0.014613 0.001593 -0.038372
0.007651 -0.001719 -0.007028
-0.001131 -0.000009 0.001857
-0.000299 0.000383 0.000259
0.000052 -0.000059 -0.000059
13.126692 -3.429299 2.285158
1.138166 -0.151900 0.971976
0.015018 -0.036552 -0.145642
0.022439 0.007931 -0.028868
-0.005324 0.004448 0.009179
-0.001244 0.000541 0.001209
0.000275 -0.000267 -0.000396
-0.000011 0.000018 0.000024
15.221298 -3.720716 3.480975
1.249311 -0.109088 0.416325
0.003275 0.084227 -0.111315
-0.027042 0.032745 0.037740
-0.005642 0.000196 0.006014
0.000933 -0.001137 -0.001426
0.000139 -0.000052 -0.000106
-0.000022 0.000019 0.000023
17.501518 -3.348889 4.240337
0.829864 0.552418 0.505158
-0.204646 0.192981 0.138900
-0.023893 -0.010810 0.023317
0.005997 -0.009129 -0.008272
0.000690 -0.000137 -0.000684
-0.000179 0.000215 0.000227
0.000009 -0.000013 -0.000012
17.453539 -0.675528 8.291957
-0.341490 -0.422588 0.563914
0.063003 -0.380498 -0.229023
0.018074 0.000689 -0.013682
-0.005870 0.010512 0.008629
-0.000482 -0.000104 0.000472
0.000094 -0.000213 -0.000143
0.000002 0.000016 -0.000001
17.013049 -3.933913 8.372195
-0.100939 -1.790533 -0.294938
-0.051817 -0.072034 -0.002896
-0.040254 0.053456 0.055458
-0.001652 -0.002705 -0.000675
0.001202 -0.001166 -0.001967
0.000122 0.000077 -0.000169
-0.000031 0.000007 0.000062
16.336821 -7.363861 8.128865
-0.713806 -1.611259 0.158453
-0.227543 0.113427 0.160869
-0.004999 0.003182 -0.017819
0.009076 -0.007834 -0.013289
0.000195 0.000299 0.001030
-0.000294 0.000174 0.000682
0.000025 -0.000011 -0.000093
14.038666 -10.265249 8.811882
-1.429247 -1.317827 0.328178
-0.073041 -0.000624 -0.084113
0.042275 -0.025732 -0.023826
0.000083 0.002663 0.012228
-0.001236 0.001427 0.001272
0.000060 0.000011 -0.000643
0.000009 -0.000034 0.000053
11.290843 -12.916213 9.136023
-1.310376 -1.442741 0.092768
0.101976 -0.004917 0.038086
0.009859 0.032819 0.051374
-0.006313 0.008493 0.002042
0.000130 -0.001100 -0.002009
0.000176 -0.000448 0.000074
-0.000016 0.000063 0.000009
8.885232 -15.653780 10.022826
-0.930770 -0.845279 0.886170
0.042340 0.252244 0.258770
-0.015023 0.011098 -0.004260
0.001935 -0.012490 -0.011199
0.000834 -0.000581 -0.000090
-0.000069 0.000527 0.000217
-0.000006 -0.000048 -0.000013
7.064250 -16.442221 12.740193
-0.822249 -0.060605 1.539501
0.048940 0.054726 -0.014763
0.020502 -0.054561 -0.070506
0.004171 0.000497 -0.002072
-0.000589 0.001639 0.001472
-0.000159 -0.000170 0.000034
0.000021 0.000003 -0.000015
5.702871 -17.054483 15.493291
-0.038214 -0.607131 0.171254
0.217135 -0.171078 -0.404308
-0.000265 0.007478 -0.001873
-0.006898 0.006118 0.011323
-0.000054 -0.000652 -0.000189
0.000226 -0.000117 -0.000243
-0.000019 0.000015 0.000020
7.133022 -20.000379 12.967236
0.724450 -1.129789 -1.413960
0.002421 -0.013661 -0.042730
-0.018129 0.000935 0.042769
0.005063 -0.004996 -0.005117
0.000369 0.000206 -0.000612
-0.000180 0.000211 0.000197
0.000010 -0.000021 -0.000016
8.686626 -22.671659 9.933599
0.683598 -1.321954 -1.217232
0.017336 -0.080348 0.077692
0.013628 -0.005176 -0.003257
-0.000586 0.004712 -0.003350
-0.001050 0.000789 0.000381
-0.000031 -0.000124 -0.000048
0.000022 -0.000003 0.000006
10.319846 -25.825718 7.576867
0.818113 -1.502993 -1.029898
-0.005028 0.053826 -0.008277
-0.029999 0.044983 -0.019359
-0.006390 0.003467 -0.000393
0.000690 -0.001123 0.000374
0.000300 -0.000172 0.000047
-0.000037 0.000029 -0.000010
11.733037 -28.538860 4.684575
0.082934 -0.447922 -1.373691
-0.260939 0.305490 -0.102593
-0.007347 -0.003716 0.001118
0.010340 -0.010612 0.003269
0.000404 0.000140 -0.000219
-0.000338 0.000341 -0.000127
0.000024 -0.000032 0.000017
10.302012 -27.966319 0.112243
-0.783387 0.528987 -1.780398
0.034113 -0.001121 -0.044081
0.043390 -0.030795 0.000463
-0.005248 0.006579 -0.001816
-0.001219 0.000451 0.000443
0.000148 -0.000304 0.000204
0.000001 0.000027 -0.000029
8.955258 -26.897621 -4.546445
-0.281089 0.315956 -1.950516
0.063613 -0.037489 0.017270
-0.037378 0.005688 0.032998
-0.006392 -0.001260 0.006900
0.001065 -0.000551 -0.000285
0.000160 0.000169 -0.000303
-0.000023 -0.000012 0.000028
7.426983 -26.269199 -9.052903
-1.076680 0.063813 -0.582552
-0.250885 -0.059674 0.386819
0.005963 -0.001583 0.004085
0.009652 0.001935 -0.011723
-0.000444 0.000182 -0.000319
-0.000325 -0.000089 0.000299
0.000037 0.000006 -0.000019
3.601117 -26.426775 -8.482731
-1.828325 -0.148652 0.770683
-0.031217 -0.011109 0.070626
0.024218 0.009837 -0.066175
-0.006211 -0.000714 0.001525
-0.000571 -0.000351 0.001654
0.000308 0.000017 -0.000032
-0.000021 0.000006 -0.000015
-0.130267 -26.713394 -7.105129
-1.858191 -0.119507 0.419122
-0.021475 0.010597 -0.175485
-0.010615 -0.003904 -0.000371
0.000894 -0.001438 0.011873
0.001381 0.000386 -0.000045
0.000014 0.000105 -0.000248
-0.000029 -0.000020 0.000015
-4.053787 -26.953909 -6.794814
-1.939719 -0.128621 0.053678
0.035822 -0.004300 0.062872
0.038925 0.005874 0.061555
0.007083 0.002944 0.000281
-0.001035 -0.000131 -0.001785
-0.000407 -0.000189 -0.000035
0.000056 0.000023 0.000027
-7.782363 -27.146935 -5.671353
-1.044631 0.022755 1.109361
0.308035 0.065094 0.299629
0.003837 0.001894 -0.013789
-0.013419 -0.003942 -0.011671
-0.000400 -0.000204 0.000724
0.000498 0.000179 0.000396
-0.000040 -0.000014 -0.000048
-8.884831 -26.779224 -1.412289
-0.130370 0.173455 1.910443
-0.032190 -0.028462 -0.001660
-0.052896 -0.013405 -0.025217
0.006842 0.002586 0.008102
0.001664 0.000548 0.000095
-0.000231 -0.000081 -0.000477
0.000003 -0.000000 0.000054
-9.789307 -26.598480 3.001988
-0.649183 -0.000272 1.775572
-0.057972 -0.001770 -0.036952
0.048090 0.019929 -0.010943
0.008504 0.001983 -0.005853
-0.001253 -0.000665 -0.000277
-0.000176 -0.000088 0.000425
0.000022 0.000016 -0.000041
-10.724701 -26.162752 7.251853
0.463830 0.403583 0.985514
0.392311 0.087386 -0.219305
0.012610 -0.015185 0.003474
-0.012720 -0.005059 0.009098
-0.000426 0.000613 0.000028
0.000272 0.000237 -0.000390
-0.000016 -0.000030 0.000037
-6.764541 -24.800868 8.804872
1.935325 0.421329 0.370146
-0.008247 -0.032324 0.019836
-0.078668 0.016610 0.015229
0.001031 0.008290 -0.007943
0.001461 -0.000401 -0.000363
-0.000050 -0.000356 0.000344
-0.000007 0.000039 -0.000030
-2.813984 -23.097340 9.931101
0.435935 1.038128 0.268192
-0.368761 0.221493 -0.099188
0.013546 0.001535 -0.013102
0.009785 -0.009413 0.004918
-0.000673 0.000215 0.000416
-0.000196 0.000427 -0.000254
0.000024 -0.000053 0.000024
-3.516882 -19.409139 9.966655
-0.743934 1.784948 -0.190459
-0.073308 0.056058 -0.048794
0.041618 -0.018829 0.015480
-0.003660 0.004239 -0.000583
-0.000451 -0.000300 -0.000278
0.000226 -0.000497 0.000160
-0.000022 0.000073 -0.000020
-5.044081 -15.680428 9.498019
-0.652550 1.829667 -0.217068
0.093173 -0.051957 0.034152
0.017849 -0.036151 0.014312
-0.000828 -0.008019 0.000697
0.000363 -0.000008 -0.000040
-0.000092 0.000545 -0.000121
0.000006 -0.000054 0.000013
-5.762590 -12.047289 9.480429
0.271116 0.324982 0.289859
0.220209 -0.426893 0.114188
0.008214 -0.000464 -0.006136
-0.002329 0.014682 -0.003805
-0.000254 0.000157 0.000165
0.000020 -0.000525 0.000145
0.000000 0.000048 -0.000016
-3.183331 -13.824016 10.932654
1.453438 -1.122484 0.596381
0.137220 -0.008950 -0.005882
-0.029636 0.046062 -0.006076
-0.003419 -0.008513 0.003118
0.000108 -0.000664 -0.000127
0.000022 0.000430 -0.000179
0.000002 -0.000042 0.000025
0.017384 -15.889313 12.102428
1.546525 -0.863935 0.566279
-0.110410 0.084657 -0.003781
-0.048116 -0.003490 -0.000901
-0.000426 -0.001054 -0.001847
0.000540 0.000938 -0.000133
0.000049 -0.000166 0.000178
-0.000007 0.000009 -0.000018
2.491491 -17.749302 13.627378
-0.161953 -0.388965 0.438400
-0.397768 0.095087 -0.022708
-0.000198 0.005449 0.010470
0.007485 -0.000424 0.003644
0.000098 -0.000284 -0.000189
-0.000099 0.000027 -0.000185
0.000005 -0.000001 0.000018
-1.712538 -17.909685 15.464622
-1.844612 0.256218 0.785345
0.006499 0.059755 0.067698
0.059814 -0.014167 -0.021181
-0.000699 -0.001273 -0.006543
-0.000642 0.000142 0.000443
0.000026 0.000015 0.000247
0.000000 -0.000001 -0.000024
-5.919640 -16.980427 17.692219
-0.077501 0.066402 0.145910
0.371725 -0.100351 -0.150204
-0.004866 -0.006700 0.029371
-0.006409 0.002463 0.010482
0.000037 0.000189 -0.000634
0.000037 -0.000010 -0.000348
0.000003 -0.000002 0.000034
-2.999197 -17.748379 18.274925
1.436825 -0.395141 0.726731
0.014775 0.023180 0.255498
-0.044212 0.028985 -0.011126
0.004631 0.000914 -0.014490
0.001570 -0.000557 0.000149
0.000118 -0.000065 0.000427
-0.000074 0.000013 -0.000031
-0.796701 -18.203145 19.959197
1.270540 -0.104214 1.249628
-0.066815 0.149970 0.020846
0.018192 0.018205 -0.072110
0.011040 -0.004185 -0.001308
-0.001303 -0.000484 0.002594
-0.000716 0.000080 0.000082
0.000127 0.000004 -0.000059
1.198105 -17.939617 21.740316
1.305659 0.438726 0.821182
0.094686 0.161844 -0.244444
0.025638 -0.013496 -0.020504
-0.008779 -0.004325 0.014161
-0.001345 0.000529 0.000196
0.000708 0.000130 -0.000579
-0.000067 -0.000020 0.000059
5.201354 -16.095622 22.406536
1.751167 0.871435 -0.106655
0.022587 0.014697 -0.050706
-0.015685 -0.009687 0.031440
0.004268 0.003496 -0.005770
0.000343 -0.000212 -0.000646
-0.000487 -0.000227 0.000469
0.000057 0.000031 -0.000048
9.295066 -14.045975 22.123503
1.730311 0.868678 -0.078150
-0.038235 -0.022015 0.038148
-0.022094 -0.014379 0.012196
-0.006355 -0.003884 0.003850
-0.000023 0.000107 0.000494
0.000434 0.000273 -0.000306
-0.000042 -0.000028 0.000023
13.245487 -12.178179 22.817213
0.628533 0.229461 0.765757
-0.275379 -0.143080 0.235797
0.013627 0.016931 0.003552
0.011860 0.008286 -0.008124
-0.000207 -0.000224 -0.000640
-0.000455 -0.000309 0.000180
0.000047 0.000030 0.000002
13.668644 -12.038106 25.357392
-0.011197 0.083540 1.486527
0.015755 0.099726 0.034837
0.051592 0.039357 -0.058422
-0.005253 -0.004961 -0.002134
-0.001540 -0.001338 0.001834
0.000245 0.000134 0.000210
-0.000007 0.000007 -0.000053
13.973859 -11.320549 27.959579
0.404782 0.696526 1.049213
0.133659 0.152679 -0.205352
-0.014298 -0.025906 -0.002185
-0.008119 -0.008554 0.013985
0.000769 0.000782 0.000135
0.000154 0.000232 -0.000503
-0.000018 -0.000026 0.000044
15.650043 -8.890735 30.189615
0.359198 0.471290 0.855835
-0.132414 -0.182439 0.189385
-0.006522 -0.001544 0.026022
0.007418 0.010061 -0.010608
0.000018 -0.000145 -0.000310
-0.000234 -0.000332 0.000456
0.000020 0.000030 -0.000047
15.859824 -8.561592 33.705196
-0.060492 -0.007406 1.772465
0.008567 0.034177 0.104697
0.021465 0.025000 -0.019778
-0.003826 -0.006966 0.002891
-0.000830 -0.001093 0.000223
0.000125 0.000209 -0.000387
0.000001 0.000001 0.000048
15.859595 -8.386303 37.374098
0.064979 0.162133 2.008849
0.015402 -0.009300 0.018290
-0.020059 -0.038438 -0.021172
-0.004555 -0.005601 -0.004439
0.000713 0.001413 -0.000519
0.000144 0.000227 0.000258
-0.000023 -0.000043 -0.000019
15.867531 -8.399352 41.012798
-0.152620 -0.321233 1.733919
-0.131287 -0.229475 -0.190720
-0.020162 -0.019292 -0.047158
0.004386 0.009737 -0.000194
0.000623 0.000797 0.000943
-0.000160 -0.000336 0.000002
0.000008 0.000021 -0.000007
13.250992 -12.166238 42.840130
-0.995157 -1.076942 -0.987917
0.003578 0.131394 -0.326219
0.021459 0.025142 0.040582
-0.002501 -0.008056 0.005021
-0.000470 -0.000472 -0.001094
0.000065 0.000227 -0.000178
0.000002 -0.000013 0.000038
11.240097 -13.817952 39.587194
-0.808582 -0.473696 -1.771838
0.047757 0.079784 -0.050674
-0.007754 -0.030768 0.025641
-0.002254 -0.001625 -0.005641
0.000578 0.001216 0.000435
0.000094 0.000030 0.000410
-0.000020 -0.000019 -0.000058
9.629922 -14.752584 35.728615
-0.726415 -0.496772 -1.739211
0.003616 -0.051716 0.076859
0.003353 0.003103 0.035372
0.003542 0.006884 0.007315
-0.000146 -0.000250 0.000105
-0.000207 -0.000258 -0.000461
0.000023 0.000026 0.000042
7.703292 -16.272394 32.534512
-0.472416 -0.314836 0.092592
0.047896 0.100124 0.472661
-0.015724 -0.003248 0.000228
-0.005107 -0.007008 -0.013716
0.000473 0.000113 -0.000142
0.000274 0.000297 0.000434
-0.000031 -0.000028 -0.000036
5.921126 -16.854711 36.678163
-0.755517 -0.254355 1.858648
-0.038561 -0.052485 0.007556
0.037219 0.012814 -0.034017
0.009001 0.008124 0.009712
-0.001059 -0.000376 0.000305
-0.000430 -0.000347 -0.000389
0.000057 0.000035 0.000037
4.550322 -17.400963 41.184292
-0.047885 0.015915 1.759816
0.276602 0.158465 0.011486
0.003705 0.010042 0.010564
-0.013635 -0.009892 -0.002954
-0.000073 -0.000958 -0.000723
0.000561 0.000269 0.000252
-0.000059 -0.000002 -0.000021
5.433932 -16.806624 44.863953
0.747666 0.424372 1.818368
0.053601 -0.041480 -0.009394
-0.050880 -0.066171 -0.013583
0.003226 -0.003384 -0.000817
0.001638 0.002168 0.000523
-0.000283 0.000239 -0.000049
0.000013 -0.000062 0.000002
6.849388 -16.652632 48.431957
0.527571 -0.483359 1.617600
-0.102018 -0.330441 -0.079667
0.003572 0.000159 -0.005340
0.006079 0.015339 0.002156
-0.000703 -0.000320 0.000128
-0.000098 -0.000645 -0.000015
0.000015 0.000073 -0.000003
7.755657 -19.545471 52.050743
0.296775 -1.492901 1.261614
0.017482 -0.027897 -0.031450
0.009388 0.029584 0.015535
-0.003790 -0.009426 0.000567
-0.000163 -0.000251 -0.000515
0.000169 0.000654 -0.000069
-0.000016 -0.000071 0.000014
8.594926 -23.161434 55.119860
0.365321 -1.459888 1.311832
-0.011377 0.032547 0.016976
-0.007841 0.023575 -0.011985
0.001272 0.009591 -0.004751
0.000346 0.000442 0.000219
-0.000099 -0.000558 0.000170
0.000007 0.000048 -0.000016
9.520522 -26.027264 58.686821
0.252800 0.066595 0.813754
-0.004580 0.450154 -0.163865
0.004341 0.009847 -0.001445
-0.000494 -0.013964 0.006444
-0.000132 -0.000393 0.000206
0.000047 0.000467 -0.000171
-0.000004 -0.000037 0.000010
10.413972 -21.796846 60.231067
0.292710 1.879054 0.437295
0.011498 0.010268 0.101750
0.001594 -0.034720 0.024332
0.000229 0.008818 -0.005450
-0.000081 0.000134 -0.000806
-0.000042 -0.000415 0.000071
0.000006 0.000044 0.000006
11.226064 -17.344270 62.041543
0.363316 1.692016 0.955312
0.006982 -0.050421 0.012051
-0.006387 -0.006920 -0.049604
-0.001646 -0.004187 -0.005784
0.000016 -0.000350 0.001006
0.000055 0.000350 0.000174
-0.000003 -0.000032 -0.000021
12.127256 -13.012136 63.468700
0.102115 0.905848 -0.492373
-0.084196 -0.166594 -0.368489
-0.001246 0.013804 0.012603
0.003614 0.007343 0.012711
0.000455 -0.000402 -0.000123
-0.000008 -0.000355 -0.000293
-0.000014 0.000048 0.000023
12.037311 -11.570645 61.038849
-0.094973 0.565714 -1.475970
0.039973 0.019807 -0.013824
0.039163 0.022867 0.074686
0.003004 -0.005090 -0.001307
-0.001023 -0.000310 -0.001711
-0.000218 0.000370 0.000050
0.000036 -0.000044 0.000013
12.356379 -10.206683 58.514797
0.549955 0.790670 -0.766497
0.238364 0.069976 0.288214
0.005470 0.004674 0.008306
-0.010271 0.001799 -0.011838
-0.000482 0.000352 0.000041
0.000306 -0.000262 0.000234
-0.000017 0.000027 -0.000017
14.664859 -7.922660 58.077241
1.266648 1.249333 0.193697
-0.002252 0.128663 0.051482
-0.056656 0.002611 -0.057632
0.001212 -0.003427 0.000140
0.001855 -0.000264 0.001432
0.000033 0.000173 -0.000033
-0.000043 -0.000015 -0.000009
16.698280 -5.186143 58.276951
0.806121 1.669024 -0.128672
-0.188302 0.079394 -0.184733
0.002381 -0.016028 -0.015073
0.010422 -0.000292 0.009799
-0.000913 0.000580 0.000441
-0.000530 -0.000021 -0.000146
0.000077 -0.000007 -0.000005
17.747084 -1.242953 57.158173
0.243350 1.829876 -0.740431
-0.070062 0.012267 -0.005288
-0.000597 -0.000305 0.057839
-0.009381 0.002027 0.002128
0.000011 -0.000394 -0.001983
0.000669 -0.000125 -0.000218
-0.000079 0.000019 0.000056
17.776075 2.844498 56.056980
-0.325103 1.896043 -0.091193
-0.195483 0.004153 0.211456
-0.005104 -0.012367 -0.019566
0.009870 -0.004242 -0.014675
0.000840 -0.000102 0.000805
-0.000543 0.000170 0.000642
0.000051 -0.000014 -0.000090
16.633182 6.154577 56.340978
-0.853388 1.702681 0.231335
-0.047672 -0.129880 -0.066911
0.048559 -0.031698 -0.057373
0.001453 0.000151 0.005383
-0.001559 0.000754 0.001619
0.000098 -0.000011 -0.000491
0.000003 -0.000005 0.000042
14.973479 9.032530 56.030731
-0.416353 0.716305 -0.634621
0.188619 -0.263943 -0.244567
0.006855 0.001217 -0.001030
-0.007445 0.005677 0.002877
0.000103 0.000021 -0.000540
0.000145 -0.000096 0.000175
-0.000011 0.000006 -0.000014
15.260408 9.072364 51.098205
0.269425 -0.326266 -1.926544
-0.039040 0.023457 -0.032049
-0.017792 0.030187 0.049991
0.004522 -0.003204 0.004454
0.000298 -0.000535 -0.000507
-0.000126 0.000044 -0.000172
0.000008 0.000001 0.000016
15.630277 8.876885 46.253311
0.066037 0.127424 -0.037530
0.046223 -0.049927 0.379351
0.011711 -0.040826 -0.024919
-0.002348 -0.002126 -0.011153
-0.000246 0.000744 0.000501
0.000079 0.000069 0.000261
-0.000005 -0.000009 -0.000024
16.680275 6.670485 48.795429
0.421942 -1.574106 0.581759
0.005213 -0.233153 -0.177815
-0.009376 0.041256 -0.010960
0.000504 0.009071 0.008985
0.000052 -0.000493 -0.000771
-0.000052 -0.000178 -0.000373
0.000009 0.000010 0.000059
17.406578 3.405006 49.273248
0.360311 -1.844690 -0.023732
-0.037320 0.113031 -0.142756
-0.006949 0.073622 0.006829
0.000213 -0.001917 -0.004100
0.000080 -0.001722 -0.000811
0.000057 -0.000050 0.000365
-0.000009 0.000031 -0.000029
17.970274 0.492347 48.420200
0.111953 -0.474669 -0.776345
-0.057159 0.371048 -0.211025
0.004156 -0.017341 -0.013643
0.001732 -0.012547 0.003058
-0.000162 0.001023 0.000959
-0.000092 0.000447 -0.000109
0.000012 -0.000058 -0.000002
17.983831 1.165034 44.777463
-0.058226 0.660161 -1.816688
-0.015799 0.063822 -0.091283
-0.002188 -0.010896 0.043252
-0.002003 0.009956 0.002959
0.000241 -0.000661 -0.001055
0.000142 -0.000655 -0.000139
-0.000021 0.000090 0.000029
17.771467 2.746186 41.159351
-0.173422 0.962146 -1.670634
-0.037812 0.088211 0.140039
0.002230 -0.011530 0.019193
0.003045 -0.010731 -0.007786
0.000198 -0.001033 -0.000308
-0.000149 0.000593 0.000265
0.000012 -0.000044 -0.000021
17.170536 5.359796 37.219749
-0.066296 0.130255 -0.992017
0.081012 -0.390964 0.016871
0.006690 -0.029043 -0.015853
-0.003426 0.013496 0.003944
-0.000217 0.001081 0.000348
0.000105 -0.000369 -0.000195
-0.000007 0.000020 0.000015
17.589714 2.715010 34.347350
0.262240 -1.541681 -0.963236
-0.005111 -0.000861 0.020830
-0.016965 0.088186 0.001232
0.000842 -0.000316 -0.002747
0.000392 -0.001785 -0.000368
-0.000036 0.000041 0.000113
-0.000001 0.000011 -0.000004
18.010620 0.045595 31.516857
-0.024053 0.135021 -1.093291
-0.054143 0.402435 -0.096253
0.007208 -0.020800 -0.016436
0.001510 -0.011865 0.002733
-0.000334 0.000844 0.000861
-0.000047 0.000258 0.000026
0.000008 -0.000029 -0.000016
17.733775 2.334483 27.994992
-0.144827 1.284981 -1.555612
-0.006725 0.014820 0.010920
-0.002704 -0.043641 0.052532
-0.002521 0.007303 0.006616
0.000091 0.000784 -0.001021
0.000102 -0.000266 -0.000270
-0.000010 0.000017 0.000033
17.192320 5.338920 25.080969
-0.336866 1.017748 -0.344377
-0.069617 -0.033936 0.406598
-0.003718 0.018268 0.012124
0.002621 0.000861 -0.013483
0.000230 -0.001020 -0.000561
-0.000084 0.000032 0.000330
0.000005 0.000008 -0.000021
15.878912 8.059479 26.600074
-0.587006 1.078857 1.130651
0.004458 0.002656 0.017110
0.017016 -0.019042 -0.084240
-0.000122 -0.004312 -0.000086
-0.000415 0.000614 0.001546
0.000003 0.000174 -0.000064
0.000004 -0.000023 -0.000004
14.560830 10.597381 28.260729
-0.278327 0.545336 -0.399529
0.066869 -0.148419 -0.428131
-0.007396 0.008032 0.001257
-0.002464 0.006750 0.011005
0.000310 -0.000371 -0.000204
0.000082 -0.000290 -0.000142
-0.000010 0.000031 0.000010
14.056309 11.409564 24.199935
-0.148801 0.187972 -1.981944
-0.002611 -0.001211 -0.018337
0.005100 -0.008843 0.067602
0.003737 -0.008491 -0.001224
-0.000054 0.000112 -0.000889
-0.000124 0.000345 0.000063
0.000011 -0.000033 -0.000002
13.877301 11.436017 19.958313
0.128600 -0.399685 -0.948430
0.121510 -0.242101 0.341612
0.013854 -0.021275 0.013404
-0.002923 0.007499 -0.007646
-0.000451 0.000751 -0.000192
0.000073 -0.000264 0.000026
-0.000002 0.000016 0.000004
15.781684 7.444280 20.169449
0.854282 -1.646354 0.623115
0.010802 -0.015948 -0.038998
-0.029242 0.036107 -0.073279
-0.000442 -0.003154 -0.000704
0.000587 -0.000679 0.001339
0.000028 0.000124 0.000124
-0.000008 -0.000004 -0.000024
17.690903 3.250500 20.218199
0.369775 -1.257895 -0.918191
-0.131708 0.090153 -0.365210
0.005812 -0.006435 0.027167
0.004567 -0.001105 0.014475
-0.000333 0.000758 -0.000459
-0.000138 0.000047 -0.000338
0.000018 -0.000017 0.000029
18.005889 1.062739 17.357606
0.014797 -0.949849 -1.679598
-0.035246 0.085069 0.043574
0.017332 0.012824 0.086754
-0.001877 0.004532 -0.002217
-0.000458 -0.000098 -0.002106
0.000117 -0.000191 0.000062
-0.000008 0.000018 0.000014
18.006496 -0.412904 14.439297
0.011887 0.222969 0.045537
-0.004686 0.279110 0.264820
-0.005999 0.003529 -0.061305
-0.000393 -0.005934 -0.011521
0.000122 -0.000060 0.001835
-0.000054 0.000195 0.000363
0.000007 -0.000019 -0.000052
17.845245 2.214556 15.003700
-0.190814 1.474631 -0.178315
-0.074114 0.125784 -0.244595
-0.010596 -0.022567 0.001756
-0.000003 0.001617 0.016359
0.000298 0.000065 -0.000837
0.000075 -0.000180 -0.000677
-0.000010 0.000020 0.000086
16.980051 5.839314 13.737107
-0.619370 1.737150 -0.771536
-0.097374 -0.010370 0.007388
0.011235 -0.027091 0.031893
0.004897 -0.003291 -0.009877
0.000252 -0.000287 -0.001052
-0.000082 0.000127 0.000645
-0.000010 0.000006 -0.000070
15.900062 8.304050 12.656268
-0.767922 1.479845 -0.670532
0.019305 -0.175051 0.020164
0.038951 -0.043705 -0.019888
0.002895 -0.000522 -0.004370
-0.000940 0.001117 0.001425
-0.000184 0.000186 -0.000092
0.000029 -0.000038 -0.000001
14.761713 10.247627 11.208165
-0.229000 0.347921 -0.872152
0.222695 -0.341395 -0.112917
0.011513 0.005154 -0.013333
-0.009354 0.011141 0.003992
-0.000696 0.000151 0.000213
0.000225 -0.000348 -0.000110
-0.000007 0.000029 0.000008
15.397964 9.419905 8.211083
0.496811 -0.690418 -1.452791
-0.040605 0.001696 -0.076332
-0.064821 0.056748 0.016385
-0.000411 -0.003821 0.000575
0.001792 -0.001190 -0.000394
0.000102 0.000171 0.000030
-0.000037 -0.000004 -0.000002
15.743201 8.400279 5.034291
-0.346300 -0.165565 -1.568238
-0.296331 0.194113 0.011952
0.002368 0.002069 0.008581
0.013217 -0.006448 -0.002097
-0.000244 0.000555 -0.000178
-0.000431 0.000111 0.000005
0.000043 -0.000019 0.000008
13.595891 8.991845 1.380625
-1.185921 0.565443 -1.495532
0.000855 0.087196 -0.008133
0.045913 -0.018711 -0.011603
-0.006167 0.000833 -0.000125
-0.001258 -0.000087 0.000816
0.000290 -0.000200 0.000133
-0.000016 0.000030 -0.000032
11.291332 10.464692 -2.041650
-0.846990 0.663054 -1.593790
0.074979 -0.060762 0.011217
-0.020673 -0.034160 0.028919
-0.004815 -0.003639 0.006445
0.000960 0.000287 -0.000732
0.000044 0.000257 -0.000367
-0.000010 -0.000026 0.000047
9.013665 11.050519 -5.563608
-1.011285 -0.483998 -0.766593
-0.109127 -0.314064 0.232653
-0.003397 0.000803 -0.012162
0.006104 0.010390 -0.010940
0.000126 0.000429 0.000619
-0.000147 -0.000239 0.000532
0.000010 0.000013 -0.000065
6.185274 8.524117 -6.460440
-1.296790 -1.429691 -0.196406
0.031749 -0.002009 0.010751
0.033423 0.073710 -0.012915
-0.000017 0.001574 0.010769
-0.000799 -0.001449 0.000614
0.000015 -0.000029 -0.000533
0.000005 0.000014 0.000046
3.431117 5.976048 -6.646750
-0.557973 -0.023454 0.284092
0.170423 0.397574 0.215819
-0.010637 -0.003263 0.021564
-0.005378 -0.011399 -0.007932
0.000315 0.000324 -0.000859
0.000120 0.000242 0.000356
-0.000011 -0.000021 -0.000025
2.687483 8.856480 -3.751188
-0.169444 1.426645 1.359249
-0.047030 0.014874 0.043221
-0.011465 -0.035654 -0.028129
0.005119 0.006947 0.003946
0.000266 0.000607 0.000668
-0.000125 -0.000212 -0.000193
0.000003 0.000009 0.000010
2.074138 11.902959 -0.698464
-0.328755 1.281677 1.335044
0.016085 -0.017139 -0.012561
0.022442 0.017274 0.006540
-0.000038 0.001375 0.001034
-0.001081 -0.001287 -0.000826
-0.000076 -0.000070 -0.000030
0.000025 0.000026 0.000014
1.603632 14.904128 2.341854
-0.056223 1.363663 1.319819
0.041586 -0.004024 -0.027505
-0.028467 -0.029366 -0.020687
-0.007822 -0.007989 -0.004794
0.000641 0.000598 0.000328
0.000327 0.000345 0.000198
-0.000038 -0.000038 -0.000021
0.794231 17.809948 5.248338
-0.829658 0.291417 0.436611
-0.259173 -0.313430 -0.250350
0.001753 0.003489 -0.004071
0.010636 0.011896 0.006902
-0.000338 -0.000116 0.000021
-0.000439 -0.000427 -0.000234
0.000051 0.000042 0.000024
-3.030216 16.822810 4.781205
-1.690231 -0.673093 -0.603432
-0.040616 0.005255 -0.084024
0.011394 0.030860 0.025062
-0.006804 -0.007748 -0.001501
0.000568 -0.000454 0.000088
0.000548 0.000387 0.000242
-0.000079 -0.000037 -0.000037
-6.800730 15.555947 3.339290
-1.820074 -0.499016 -0.628428
-0.000675 0.032420 0.085154
0.028725 -0.007917 0.036335
0.009901 0.001122 0.003307
0.000033 0.000914 -0.000377
-0.000632 -0.000174 -0.000314
0.000068 0.000009 0.000038
-10.658416 14.472845 2.923270
-0.890743 -0.319033 0.512985
0.362214 0.075466 0.316489
0.023392 0.017982 -0.001713
-0.011971 0.000857 -0.010102
-0.000449 -0.000572 -0.000037
0.000568 -0.000022 0.000359
-0.000065 0.000006 -0.000036
-10.890689 14.309601 5.308702
0.587859 0.231382 1.522163
0.254069 0.157104 0.099588
-0.035920 -0.001284 -0.045685
0.000070 -0.004753 0.001992
0.000538 -0.000267 0.001089
-0.000416 0.000069 -0.000186
0.000054 0.000002 0.000010
-8.733718 15.461052 8.763426
1.163462 0.693470 1.456682
-0.014936 0.006452 -0.083266
-0.054298 -0.039799 -0.006761
-0.004214 -0.001831 0.004061
0.000537 0.000868 -0.000384
0.000416 0.000102 -0.000036
-0.000050 -0.000019 0.000009
-6.810906 16.643074 12.155869
-0.098175 -0.034984 1.067512
-0.349442 -0.199373 -0.035985
0.013336 0.010183 0.011914
0.014337 0.008012 0.001230
-0.000434 -0.000419 0.000441
-0.000534 -0.000258 0.000136
0.000062 0.000031 -0.000045
-8.181569 15.920924 14.363604
-0.992299 -0.525391 1.162620
-0.033272 -0.013072 0.110428
0.058716 0.032875 0.036043
-0.005139 -0.003197 0.000453
-0.001444 -0.000799 -0.001953
0.000372 0.000197 -0.000521
-0.000024 -0.000011 0.000129
-9.700767 15.133223 16.731840
-0.742190 -0.372910 1.740197
0.144000 0.080662 0.183142
0.012448 0.004675 -0.027921
-0.005624 -0.003503 -0.016584
0.000863 0.000507 0.000332
0.000092 0.000065 0.000980
-0.000024 -0.000016 -0.000134
-10.505827 14.740345 19.859254
-0.233288 -0.111183 1.885834
0.156560 0.072630 -0.134778
0.000819 -0.002881 -0.075092
0.001463 0.000868 0.005083
0.000409 0.000262 0.002418
-0.000184 -0.000115 -0.000557
0.000015 0.000010 0.000042
-10.163326 14.859759 22.796204
0.569475 0.220996 0.493447
0.200760 0.077454 -0.374796
0.005495 0.000825 0.004787
-0.002195 -0.000973 0.006508
-0.000508 -0.000216 -0.000632
0.000051 0.000045 0.000114
0.000000 -0.000002 -0.000010
-6.234332 16.332061 21.103049
1.581475 0.576999 -1.088768
0.018191 0.004452 -0.004007
-0.040963 -0.012719 0.061590
-0.001693 -0.000071 0.001722
0.000597 0.000139 -0.000733
0.000060 -0.000010 -0.000124
-0.000009 0.000001 0.000017
-2.265476 17.842327 19.463947
0.571485 0.260295 0.508731
-0.255743 -0.087578 0.376128
0.003484 -0.003327 -0.011452
0.006210 0.001422 -0.009676
-0.000295 0.000098 0.000535
-0.000152 0.000006 0.000255
0.000019 -0.000003 -0.000029
-2.305829 17.916279 23.147440
-0.415017 -0.156722 1.825537
-0.070949 -0.033032 0.074693
0.024357 0.016401 -0.027803
-0.001120 0.001217 0.005786
0.000285 -0.000288 0.000122
0.000221 -0.000052 -0.000304
-0.000042 0.000006 0.000033
-3.230325 17.608398 26.983048
-0.393305 -0.081873 1.942060
0.097476 0.063224 0.005305
0.038752 0.009278 -0.006993
0.003151 -0.003228 -0.002080
-0.000634 -0.000433 -0.000748
-0.000374 0.000028 0.000160
0.000059 0.000012 -0.000002
-3.305460 17.708803 30.776892
0.463466 0.154769 1.783941
0.304553 0.021607 -0.108768
0.011912 -0.022832 -0.028926
-0.009140 -0.002641 -0.000482
-0.000191 0.000876 0.001016
0.000448 0.000191 0.000134
-0.000065 -0.000042 -0.000038
-1.735000 17.913706 33.292770
1.413520 0.034336 1.226236
0.239610 -0.084433 -0.209018
-0.030130 -0.010352 -0.002601
-0.002664 0.005777 0.007354
0.000548 0.000388 0.000173
-0.000297 -0.000290 -0.000306
0.000038 0.000027 0.000031
2.207663 17.592316 35.119995
1.916808 -0.265059 0.528965
-0.046559 -0.014741 -0.065195
-0.059722 0.019537 0.030910
-0.004026 -0.001041 -0.001362
0.000523 -0.000675 -0.000651
0.000293 0.000131 0.000182
-0.000031 -0.000008 -0.000015
5.872491 17.014071 36.903175
-0.071737 -0.047396 0.783725
-0.458157 0.040285 0.112890
0.016872 -0.005142 0.010859
0.013549 -0.000568 -0.001067
-0.000476 0.000202 -0.000365
-0.000399 -0.000038 -0.000152
0.000040 0.000003 0.000022
3.045659 17.070243 40.064838
-1.475968 0.039913 1.384117
-0.007173 -0.009860 0.012781
0.040765 -0.005980 -0.048660
-0.009693 0.000075 -0.006829
-0.000644 0.000055 0.000783
0.000379 0.000021 0.000288
-0.000030 -0.000003 -0.000033
-0.397244 17.028305 42.698391
-1.308718 -0.097450 0.388152
-0.004754 -0.036957 -0.382641
-0.019581 0.000753 -0.023321
0.001085 0.001161 0.012080
0.001069 -0.000003 0.000855
-0.000149 -0.000029 -0.000279
0.000005 0.000002 0.000013
-4.428606 16.529889 40.977051
-1.508047 -0.208578 -1.225149
0.002084 0.004360 -0.016712
0.022904 0.004669 0.085650
0.002422 -0.000908 0.001060
-0.000581 -0.000185 -0.001636
-0.000043 0.000007 -0.000012
0.000007 0.000002 0.000014
-8.365440 15.939900 39.227589
-0.845931 -0.213714 0.577028
0.162429 -0.035691 0.418493
-0.006822 -0.012531 -0.021751
-0.005753 -0.000308 -0.011845
-0.000015 0.000417 0.000888
0.000104 0.000057 0.000283
0.000002 -0.000011 -0.000033
-9.669958 15.142748 42.217510
-0.445745 -0.518685 1.776011
-0.020167 -0.072073 0.077953
-0.033474 0.009888 -0.047989
0.003026 0.004537 0.006563
0.001634 0.000051 0.001143
0.000137 -0.000111 -0.000246
-0.000061 0.000003 -0.000000
-10.656028 14.089598 45.434836
-0.684308 -0.587505 1.776365
-0.051285 0.054373 -0.026150
0.034023 0.032383 0.007189
0.012102 0.000329 0.005024
-0.000944 -0.000926 -0.001490
-0.000620 -0.000072 -0.000247
0.000084 0.000024 0.000067
-11.759050 13.383192 48.593884
-0.360117 -0.123557 1.778804
0.247137 0.179717 0.011284
0.049544 0.005434 -0.008971
-0.009245 -0.006590 -0.006798
-0.001933 -0.000080 0.000345
0.000436 0.000229 0.000588
-0.000020 -0.000022 -0.000082
-11.235176 13.826715 52.135181
0.873305 0.486173 1.592919
0.252636 0.084094 -0.092512
-0.044544 -0.026017 0.000149
-0.007486 0.000431 0.008943
0.001700 0.000804 0.000298
0.000155 -0.000086 -0.000596
-0.000037 -0.000001 0.000062
-8.852051 14.973526 55.123622
1.255861 0.570057 1.451398
-0.048998 -0.019347 0.048074
-0.031058 -0.004514 0.022315
0.008597 0.002880 -0.006645
0.000400 -0.000362 -0.001561
-0.000368 -0.000105 0.000291
0.000037 0.000019 -0.000008
-6.591354 16.062603 58.365901
0.932240 0.487270 1.620313
-0.057595 -0.019558 -0.048600
0.015572 -0.002869 -0.053262
0.000504 -0.001855 -0.006724
-0.000868 0.000002 0.001297
0.000163 0.000164 0.000170
-0.000011 -0.000019 -0.000023
-4.125998 17.156324 61.212875
0.886913 0.252579 -0.018568
0.018564 -0.046077 -0.454880
0.001907 0.008652 -0.001057
-0.000608 0.003082 0.013609
0.000117 -0.000344 0.000290
-0.000047 -0.000205 -0.000289
0.000005 0.000026 0.000018
-1.620374 17.726890 58.550399
0.984786 0.238012 -1.549639
0.008794 0.007828 0.004393
-0.005093 -0.014479 0.087295
-0.000689 -0.006048 -0.001280
0.000124 0.000274 -0.001619
0.000048 0.000282 0.000050
-0.000006 -0.000030 0.000009
0.923177 17.958099 55.854490
0.927431 -0.249249 -0.142276
-0.019038 -0.184310 0.406928
0.003521 -0.007092 -0.003523
0.002082 0.007670 -0.011322
0.000010 0.000372 0.000542
-0.000062 -0.000270 0.000224
0.000003 0.000019 -0.000024
3.695792 15.970484 58.232998
1.054841 -0.868997 1.398145
0.068194 0.029689 0.068113
0.006071 0.027436 -0.038193
-0.002828 -0.005071 0.004532
-0.000472 -0.000967 0.000179
0.000008 0.000118 -0.000265
0.000013 0.000005 0.000033
6.329570 14.338113 61.330578
1.279668 -0.628622 1.301003
-0.008079 0.007169 -0.090608
-0.029700 -0.034710 -0.018764
-0.002734 -0.005190 -0.000303
0.000919 0.001123 0.000081
0.000203 0.000198 0.000251
-0.000037 -0.000032 -0.000034
9.025084 12.202924 63.761143
0.746391 -1.288346 0.582087
-0.146535 -0.222496 -0.152056
0.013397 0.001351 0.015639
0.007603 0.009742 0.005800
-0.000878 -0.000152 -0.000580
-0.000442 -0.000368 -0.000339
0.000064 0.000038 0.000047
10.279894 8.129346 64.598491
0.424540 -1.943499 0.247782
-0.020812 -0.016991 -0.009658
-0.011287 0.029255 -0.001147
-0.010049 -0.005234 -0.007835
0.000489 -0.000822 0.000163
0.000633 0.000275 0.000443
-0.000082 -0.000014 -0.000051
10.827520 3.805041 64.943886
-0.101764 -1.836748 -0.049473
-0.202764 0.015142 -0.129490
-0.005043 -0.009810 -0.007893
0.010923 0.000782 0.007210
0.000227 0.001354 0.000615
-0.000671 0.000044 -0.000377
0.000079 -0.000031 0.000036
9.919574 0.162636 64.377987
-0.699383 -1.765619 -0.438512
-0.060252 0.073335 -0.020447
0.028365 0.040255 0.034305
-0.004895 0.008196 0.000826
-0.001157 -0.000753 -0.000880
0.000441 -0.000395 0.000128
-0.000038 0.000046 -0.000010
8.097733 -2.938704 63.659168
-0.801034 -0.515520 0.003853
-0.028980 0.423431 0.180418
-0.007300 0.020219 0.015322
0.001006 -0.012505 -0.003493
0.000611 -0.000822 -0.000238
-0.000196 0.000385 -0.000038
0.000014 -0.000025 0.000009
4.878693 -0.506927 65.829967
-1.066919 1.328627 1.043409
-0.049119 -0.034843 -0.001606
-0.009694 -0.056709 -0.049789
-0.002597 0.006435 -0.001961
0.000179 0.000935 0.001139
0.000154 -0.000216 0.000171
-0.000017 0.000012 -0.000032
1.375515 2.115744 67.748001
-1.615845 0.500502 0.154331
-0.135335 -0.165542 -0.225927
0.003780 0.017687 0.020227
0.004737 0.003482 0.010155
0.000022 -0.000776 -0.000976
-0.000173 0.000005 -0.000432
0.000017 0.000005 0.000056
-3.468502 2.680176 67.240712
-1.991364 0.080147 -0.307770
0.013664 -0.007625 0.014626
0.021352 0.011130 -0.002575
-0.001911 -0.003113 -0.012190
-0.000242 -0.000017 0.000124
0.000139 0.000093 0.000574
-0.000017 -0.000011 -0.000059
-8.238042 2.907003 66.095566
-1.618318 0.086942 -0.823393
0.112822 -0.012844 -0.231363
0.006990 -0.006912 -0.014475
-0.001336 -0.000532 0.011207
-0.000460 -0.000087 0.000737
-0.000167 -0.000102 -0.000495
0.000040 0.000023 0.000041
-10.974975 2.961545 63.629807
-1.181116 -0.076078 -1.576567
0.074974 -0.081813 -0.085417
-0.025862 -0.018220 0.048627
-0.004884 -0.001301 0.000741
0.000827 0.000543 -0.001734
0.000385 0.000209 0.000077
-0.000060 -0.000034 0.000015
-13.122140 2.415710 60.671947
-1.214633 -0.556014 -1.457025
-0.076711 -0.153598 0.110967
-0.008683 0.004037 0.010010
0.009346 0.007049 -0.007967
0.000746 0.000418 0.000245
-0.000399 -0.000231 0.000276
0.000030 0.000011 -0.000032
-15.838909 0.791610 58.124197
-1.322286 -0.899779 -1.085669
0.086439 0.031653 0.041672
0.049009 0.046301 -0.017252
0.000869 0.000063 0.002300
-0.001524 -0.001463 0.000826
0.000030 -0.000075 -0.000181
0.000010 0.000025 0.000010
-17.968976 -0.716374 55.204409
0.007580 -0.061987 -0.952417
0.264918 0.117319 0.055912
-0.027533 -0.048791 0.014537
-0.009121 -0.009892 -0.000127
0.000686 0.001462 -0.000622
0.000230 0.000418 0.000011
-0.000027 -0.000058 0.000006
-17.112558 -0.935686 53.491737
0.513155 -0.430026 -0.561902
-0.059241 -0.252820 0.091896
-0.047031 -0.022017 -0.009612
0.005306 0.015232 -0.003873
0.000999 0.001086 0.000158
-0.000183 -0.000475 0.000106
0.000008 0.000028 -0.000009
-17.337994 -4.625072 51.447182
-0.477635 -0.180383 -0.693645
0.010323 0.441582 -0.063068
0.033597 0.030629 0.016616
-0.001515 -0.014414 0.005376
-0.000691 -0.000494 -0.000314
0.000048 0.000349 -0.000144
0.000002 -0.000024 0.000012
-17.955709 -0.671587 49.427151
0.206847 1.977735 -0.178851
0.088887 0.028876 0.177599
-0.021187 -0.061386 -0.005645
-0.002605 0.004426 -0.009033
0.000701 0.000759 -0.000449
0.000089 -0.000226 0.000131
-0.000021 0.000026 0.000012
-17.480072 2.417691 49.519034
0.310251 1.669868 0.193477
-0.022118 -0.186263 0.001309
-0.016893 -0.025195 -0.062382
0.003489 0.005587 -0.005555
0.000391 0.000017 0.001526
-0.000152 0.000075 0.000271
0.000011 -0.000019 -0.000043
-16.984316 5.133274 49.174747
0.116889 0.694648 -0.792667
-0.029590 -0.174087 -0.365054
0.009321 0.027063 -0.009056
0.000422 0.003708 0.014979
-0.000531 -0.001041 0.000416
0.000018 -0.000228 -0.000431
0.000004 0.000040 0.000033
-16.766990 6.190486 45.482354
0.085820 0.302242 -1.966036
-0.004935 -0.042559 -0.011137
-0.007047 -0.014704 0.078013
-0.002180 -0.009255 -0.001315
0.000282 0.000506 -0.001763
0.000094 0.000441 0.000130
-0.000013 -0.000051 0.000000
-16.725250 6.259837 41.615067
-0.106622 -0.443417 -0.971633
-0.067185 -0.263977 0.326259
-0.000893 -0.011320 -0.000310
0.003002 0.010344 -0.011208
0.000053 0.000697 0.000117
-0.000126 -0.000415 0.000130
0.000013 0.000034 -0.000004
-17.351848 3.603636 40.826617
-0.313336 -1.380171 0.041931
0.001689 -0.011672 -0.027987
0.009985 0.052613 -0.070264
-0.001291 -0.001450 0.000666
-0.000131 -0.000924 0.001514
0.000102 0.000205 0.000050
-0.000011 -0.000017 -0.000021
-17.990728 0.875421 39.958462
-0.193025 -0.695881 -1.009466
0.043562 0.261804 -0.312044
0.005891 0.022852 0.012078
0.000824 -0.002980 0.013188
0.000068 -0.000004 -0.000226
-0.000074 -0.000077 -0.000294
0.000006 0.000011 0.000019
-18.155110 0.568647 37.337077
0.035846 0.389041 -1.747838
0.085997 0.319539 -0.043623
0.007679 -0.003394 0.072471
-0.000891 -0.004423 0.000855
-0.000311 -0.000063 -0.002093
0.000004 0.000066 -0.000053
0.000003 -0.000011 0.000038
-17.893839 1.817484 34.872875
0.323035 1.257765 -1.437456
0.098922 0.246992 0.223809
-0.003762 -0.028650 0.034426
-0.002769 -0.004003 -0.012075
-0.000154 0.000004 -0.000803
0.000031 -0.000051 0.000343
0.000002 0.000015 -0.000020
-16.856552 5.247612 32.905978
0.580122 1.762612 -0.488593
-0.003189 -0.045571 0.126239
-0.026586 -0.061491 -0.052558
-0.001502 -0.002340 -0.003926
0.000466 0.000785 0.001718
0.000066 0.000173 0.000052
-0.000010 -0.000024 -0.000021
-15.841707 8.539306 31.274244
-0.073337 0.049570 -0.903327
-0.166925 -0.425167 -0.142597
0.005192 0.005833 0.021458
0.005367 0.010374 0.008862
-0.000133 -0.000546 -0.001319
-0.000133 -0.000323 -0.000393
0.000013 0.000050 0.000069
-16.576938 7.025828 29.077775
-0.542443 -1.363332 -1.076238
-0.034710 -0.219858 0.048286
0.028793 0.043161 0.012966
-0.000474 -0.000524 -0.008638
-0.000603 -0.000066 0.000002
0.000057 0.000400 0.000606
-0.000002 -0.000071 -0.000088
-17.396456 4.563506 27.540277
-0.465632 -1.728745 -0.938182
0.074018 -0.009537 0.020407
0.015392 0.053604 -0.013331
-0.003318 0.004118 0.001640
-0.000167 0.000092 0.001204
0.000037 -0.000366 -0.000345
0.000001 0.000032 0.000024
-17.983856 0.870060 24.585213
0.042259 -0.036131 -0.882540
0.028425 0.438999 0.015979
-0.015863 -0.006951 -0.006174
0.000994 -0.013758 -0.004190
0.000780 0.000008 -0.000163
0.000061 0.000357 0.000204
-0.000023 -0.000028 -0.000016
-17.832159 2.956169 22.235807
0.098030 1.331357 -1.121864
0.057137 0.022072 -0.126981
0.030164 -0.071058 -0.016600
0.003703 0.004375 0.004051
-0.001369 0.001640 0.000767
-0.000347 -0.000140 -0.000080
0.000067 -0.000014 -0.000005
-17.254338 5.132302 19.667284
0.609513 0.864580 -1.628312
0.183196 -0.209770 -0.103176
-0.006256 -0.005742 0.027503
-0.011999 0.009195 0.005841
-0.000399 -0.000944 -0.000508
0.000521 -0.000323 -0.000148
-0.000049 0.000054 0.000017
-15.779503 6.033499 16.714009
0.959508 0.213448 -1.649407
-0.032825 -0.148927 0.104497
-0.062856 0.012981 0.042521
-0.000978 -0.003734 -0.002224
0.001893 -0.000895 -0.000996
-0.000081 0.000333 0.000055
-0.000008 -0.000023 0.000005
-14.432867 5.747688 13.835590
-0.045514 -0.487711 -0.689558
-0.311930 -0.180152 0.233651
0.002974 -0.009923 -0.014002
0.010839 0.002782 -0.007122
-0.000205 0.001099 0.000358
-0.000216 -0.000051 0.000137
0.000018 -0.000011 -0.000013
-16.096018 3.435125 13.134518
-1.008518 -1.234497 -0.101975
-0.004273 -0.028974 -0.030335
0.055185 0.056238 -0.038073
-0.002315 0.005851 0.002981
-0.001108 -0.001083 0.000672
0.000096 -0.000239 -0.000095
0.000001 0.000033 0.000002
-17.908785 1.175748 12.353451
-0.358583 -0.359835 -0.658607
0.209842 0.362182 -0.153610
-0.001825 0.024815 0.004279
-0.006881 -0.011505 0.003756
0.000372 -0.000565 -0.000476
0.000113 0.000313 -0.000067
-0.000011 -0.000022 0.000010
-17.378654 3.800823 8.633435
0.357558 1.393967 -1.364831
-0.021934 0.000123 -0.073115
-0.013879 -0.052680 -0.004402
0.003853 0.003135 -0.001404
-0.000075 0.000388 0.000765
-0.000156 -0.000222 0.000186
0.000018 0.000026 -0.000033
-16.725243 6.574306 4.772737
0.155738 0.604570 -1.699037
-0.046651 -0.291062 -0.000735
-0.003484 -0.030531 0.041509
-0.001646 0.001534 0.007493
-0.000020 0.000487 -0.000765
0.000163 0.000235 -0.000392
-0.000018 -0.000039 0.000047
-16.711632 5.978459 1.351881
-0.177819 -1.133252 -0.783629
-0.079084 -0.332556 0.336539
0.004923 0.034304 0.012025
0.003676 0.008690 -0.013229
0.000136 -0.000959 -0.000638
-0.000142 -0.000431 0.000409
0.000012 0.000064 -0.000026
-17.415035 1.973993 1.153071
-0.298057 -1.935317 0.363542
0.051835 -0.024799 0.038297
0.022812 0.017880 -0.068308
-0.001119 -0.008974 0.002097
-0.000447 0.000608 0.002159
0.000061 0.000648 -0.000021
-0.000006 -0.000100 -0.000027
-17.637676 -2.137145 1.575612
0.146510 -1.977465 -0.111522
0.137004 0.009788 -0.166133
0.000849 0.021178 0.022037
-0.003776 0.007885 0.014664
-0.000250 -0.000466 -0.000588
-0.000030 -0.000819 -0.000416
0.000025 0.000131 0.000037
-17.060635 -5.203273 1.138025
0.526936 -1.696001 -0.268110
0.073173 0.163850 0.114765
-0.026689 0.021714 0.075135
-0.003143 -0.008652 -0.001099
0.000877 -0.001151 -0.002594
0.000260 0.000679 0.000006
-0.000051 -0.000066 0.000036
-15.923657 -7.940368 1.594922
0.491702 -1.040703 0.890273
-0.064598 0.111175 0.355480
-0.002944 -0.021336 -0.018551
0.006833 0.002450 -0.016550
-0.000393 0.001439 0.000592
-0.000468 -0.000254 0.000517
0.000066 0.000010 -0.000058
-15.145412 -9.680711 4.436561
0.324882 -0.701730 1.680393
-0.017475 0.103315 -0.021690
-0.001833 0.021024 -0.077009
-0.006594 0.004463 0.004164
-0.000416 -0.000747 0.001906
0.000464 -0.000109 -0.000299
-0.000045 0.000014 0.000016
-14.683303 -10.377505 7.584168
-0.094853 0.302233 0.612635
-0.163490 0.276755 -0.287905
-0.010048 0.004279 0.011995
0.007187 -0.007327 0.008613
0.000657 -0.000515 -0.000506
-0.000321 0.000140 -0.000023
0.000025 -0.000003 -0.000002
-15.829232 -8.107034 7.781097
-0.668946 1.285710 -0.177702
-0.001903 0.026336 0.032107
0.036483 -0.061695 0.056990
-0.001168 -0.002199 -0.000869
-0.000879 0.001191 -0.001074
0.000118 0.000085 -0.000052
-0.000006 -0.000018 0.000020
-17.004963 -5.745535 8.133479
-0.242167 0.508259 0.676086
0.147665 -0.312866 0.272075
0.002656 -0.016726 -0.000623
-0.004305 0.010389 -0.008904
0.000126 0.000333 0.000401
0.000029 -0.000210 0.000267
-0.000000 0.000010 -0.000031
-16.779123 -6.336177 11.333325
0.322196 -0.770664 1.658275
0.039023 -0.090983 0.085201
-0.023627 0.056031 -0.022963
0.000072 -0.000047 0.004167
0.000560 -0.001516 0.000233
0.000028 -0.000032 -0.000289
-0.000013 0.000030 0.000039
-16.197198 -7.724133 14.513730
0.263443 -0.628888 1.828028
-0.055315 0.129470 0.025518
-0.006297 0.013645 -0.004926
0.003858 -0.009107 0.000092
-0.000015 0.000194 -0.000253
-0.000134 0.000347 0.000199
0.000015 -0.000044 -0.000029
-15.906669 -8.429092 17.761553
0.083899 -0.211548 1.875992
-0.032116 0.077896 0.005884
0.010733 -0.021463 -0.000148
0.000349 0.000240 0.001626
-0.000471 0.001001 -0.000012
0.000047 -0.000193 -0.000153
-0.000002 0.000014 0.000021
-15.773797 -8.708149 21.957732
0.071615 -0.101853 1.937191
0.013450 -0.003257 0.019641
-0.000398 -0.000739 -0.001941
-0.002038 0.002312 -0.001824
-0.000019 -0.000161 0.000101
0.000021 0.000018 0.000170
0.000004 -0.000006 -0.000027
-15.603449 -8.906835 26.159874
0.049644 -0.051348 1.961118
-0.037019 0.039465 -0.005241
-0.011854 0.010473 0.000385
0.000498 -0.000389 0.001553
0.000614 -0.000547 -0.000354
0.000077 -0.000078 -0.000241
-0.000020 0.000018 0.000035
-15.763951 -8.747352 30.571184
-0.187376 0.187827 1.916290
-0.025273 0.027499 -0.046779
0.023912 -0.022269 -0.027225
0.005400 -0.005132 -0.006704
-0.000452 0.000364 0.000152
-0.000235 0.000212 0.000316
0.000026 -0.000023 -0.000030
-15.687721 -8.765808 34.829689
0.504178 -0.467635 0.537735
0.208772 -0.210614 -0.380922
-0.004328 -0.000918 -0.007165
-0.008123 0.007385 0.010163
0.000330 -0.000150 0.000204
0.000321 -0.000269 -0.000310
-0.000039 0.000032 0.000030
-13.396352 -11.063946 34.020552
1.145838 -1.211655 -0.962097
0.029515 -0.055349 -0.137981
-0.018037 0.022508 0.051703
0.004558 -0.002422 0.000139
-0.000072 0.000001 -0.000449
-0.000374 0.000289 0.000224
0.000056 -0.000047 -0.000034
-11.250183 -13.371143 32.095333
1.148230 -1.222344 -0.945332
-0.021686 0.049238 0.147090
-0.011091 0.021966 0.051808
-0.002849 0.002025 -0.000029
-0.000182 -0.000161 -0.000396
0.000355 -0.000318 -0.000214
-0.000039 0.000041 0.000026
-8.893387 -15.655968 31.290258
0.799745 -0.644082 0.458394
-0.114583 0.167165 0.400583
0.001738 -0.005711 0.002745
0.006628 -0.007539 -0.010673
0.000343 0.000069 -0.000467
-0.000279 0.000351 0.000204
0.000021 -0.000037 -0.000006
-7.275732 -16.561470 34.778238
0.631123 -0.234656 1.872351
0.088958 -0.022612 0.027712
0.028229 -0.014431 -0.078287
-0.004690 0.006388 0.000167
-0.001094 0.000306 0.001826
0.000096 -0.000321 0.000089
0.000008 0.000032 -0.000031
-5.275007 -17.213229 38.330718
1.144256 -0.308503 1.063795
0.061243 0.023033 -0.291488
-0.039910 0.014006 0.006884
-0.006668 -0.001845 0.015114
0.001014 -0.000680 -0.000226
0.000219 0.000174 -0.000396
-0.000030 -0.000011 0.000032
-2.577787 -17.762106 40.014557
0.308941 -0.068701 0.612892
-0.271334 0.023799 0.202013
0.003372 -0.005522 0.045480
0.009885 0.001396 -0.011567
-0.000634 0.000469 -0.001421
-0.000404 -0.000045 0.000261
0.000051 -0.000004 0.000001
-3.190721 -17.784788 42.990999
-0.639514 0.091685 1.629690
-0.106330 0.072706 0.042603
0.006298 0.017734 -0.076116
-0.007951 0.000649 -0.004373
0.000014 -0.000784 0.002611
0.000491 -0.000123 0.000277
-0.000056 0.000032 -0.000076
-4.822413 -17.244576 45.724606
-1.135403 0.516956 1.038340
-0.174782 0.126858 -0.291885
-0.012190 -0.007737 -0.012252
0.005167 -0.005799 0.017221
0.001347 0.000219 0.000055
-0.000256 0.000299 -0.000727
0.000010 -0.000035 0.000074
-8.780640 -15.382200 46.858980
-1.783457 0.801609 0.136195
0.018985 -0.010783 0.002723
0.057775 -0.004169 0.034499
0.002928 0.006137 -0.010232
-0.001251 0.000052 -0.000942
-0.000082 -0.000321 0.000598
0.000016 0.000031 -0.000051
-12.458392 -12.931834 47.471771
-0.397308 0.986047 0.214776
0.347377 0.067578 -0.027551
-0.013467 -0.008951 0.002874
-0.011578 -0.007194 0.008214
0.000228 -0.000045 0.000465
0.000251 0.000310 -0.000437
-0.000019 -0.000027 0.000037
-11.535645 -9.885742 48.676720
0.362080 0.586709 0.861946
-0.165291 -0.176869 0.230851
-0.043901 0.000182 0.003602
0.008497 0.008908 -0.009100
0.000829 0.000067 0.000095
-0.000189 -0.000299 0.000398
0.000007 0.000023 -0.000046
-12.047751 -9.211782 52.219969
-0.720197 0.148867 1.702549
-0.129938 0.050064 0.066060
0.045122 0.029152 -0.017475
0.004391 -0.006372 0.004511
-0.001132 -0.001337 -0.000151
-0.000062 0.000118 -0.000430
0.000016 0.000016 0.000062
-13.579121 -8.638219 55.698064
-0.669563 0.417254 1.834745
0.145540 0.012000 -0.000883
0.035058 -0.045432 -0.020443
-0.006150 -0.008449 -0.005446
-0.000622 0.001341 -0.000258
0.000150 0.000340 0.000412
-0.000007 -0.000051 -0.000043
-14.146641 -8.228925 59.317635
0.162630 -0.285532 1.393782
0.181859 -0.321129 -0.217647
-0.021478 -0.027438 -0.029910
-0.004803 0.011705 0.005271
0.000664 0.000802 0.000891
0.000051 -0.000425 -0.000232
-0.000008 0.000030 0.000014
-12.724342 -12.166908 61.219883
0.431998 -1.854591 -0.120516
-0.075315 -0.057747 -0.157510
-0.009885 0.037804 0.027476
0.004845 -0.005856 -0.000202
-0.000003 -0.000844 -0.000586
-0.000121 0.000252 0.000078
0.000010 -0.000014 -0.000003
-12.100659 -16.880796 60.302794
0.118056 -1.841324 -0.479807
-0.016836 -0.007067 -0.010116
0.014564 -0.013428 0.009030
-0.000954 -0.000100 -0.001783
-0.000453 0.001142 0.000205
0.000062 0.000010 0.000026
-0.000002 -0.000016 -0.000005
-11.736516 -21.779248 59.103968
0.194772 -1.927542 -0.421249
0.017215 0.047566 0.029403
-0.006695 0.039426 0.005744
-0.001602 0.005834 0.000573
0.000281 -0.000974 -0.000062
0.000034 -0.000284 -0.000061
-0.000005 0.000036 0.000007
